openTime,open,high,low,close,volume,closeTime
1733472000000,0.10493,0.14651,0.06775,0.089175,4.051743838746418E7,1733500799999
1733500800000,0.089153,0.10473,0.078126,0.099062,3.465698215832025E7,1733529599999
1733529600000,0.098452,0.10022,0.08,0.089523,1.316999608862376E7,1733558399999
1733558400000,0.090121,0.090736,0.080718,0.0819,1.798057721321908E7,1733587199999
1733587200000,0.0819,0.085143,0.080442,0.08306,1.000657330016938E7,1733615999999
1733616000000,0.082807,0.085322,0.078714,0.08103,4568762.54984358,1733644799999
1733644800000,0.081,0.081095,0.075679,0.078061,9319535.35453342,1733673599999
1733673600000,0.077665,0.082479,0.076522,0.078005,7785858.27905614,1733702399999
1733702400000,0.078,0.081025,0.071086,0.0726,6116767.26597124,1733731199999
1733731200000,0.0725,0.076,0.068245,0.06925,1.326038639710542E7,1733759999999
1733760000000,0.06899,0.071777,0.054,0.059684,1.464624347474758E7,1733788799999
1733788800000,0.059627,0.062216,0.053636,0.060752,3660708.47732187,1733817599999
1733817600000,0.060445,0.09442,0.058805,0.071,4.745152054265267E7,1733846399999
1733846400000,0.0705,0.074338,0.063789,0.0705,1.004782382411542E7,1733875199999
1733875200000,0.07043,0.070651,0.064423,0.0682,3363152.34228845,1733903999999
1733904000000,0.06832,0.077776,0.066172,0.072193,8653351.20502963,1733932799999
1733932800000,0.072,0.0745,0.069255,0.072996,4021970.25255568,1733961599999
1733961600000,0.072695,0.08876,0.072621,0.082076,9055306.46604571,1733990399999
1733990400000,0.082923,0.095165,0.080001,0.09197,9682990.64953381,1734019199999
1734019200000,0.092251,0.092251,0.080881,0.082782,6455943.21660235,1734047999999
1734048000000,0.082782,0.085699,0.075466,0.077905,2962739.66555207,1734076799999
1734076800000,0.078319,0.079382,0.07377,0.074,3189044.42927941,1734105599999
1734105600000,0.074356,0.075687,0.071221,0.072358,2811931.40140478,1734134399999
1734134400000,0.07231,0.07783,0.070501,0.073928,1547384.72023637,1734163199999
1734163200000,0.073705,0.075656,0.0691,0.06943,2077434.89208686,1734191999999
1734192000000,0.06922,0.069937,0.06514,0.06944,4549946.2626558,1734220799999
1734220800000,0.069126,0.070322,0.067986,0.068486,339640.35333036,1734249599999
1734249600000,0.068485,0.073954,0.067986,0.070495,1424941.33388831,1734278399999
1734278400000,0.070488,0.072664,0.068122,0.070405,1565523.32325657,1734307199999
1734307200000,0.070301,0.073586,0.069114,0.069554,658599.57191108,1734335999999
1734336000000,0.069127,0.0725,0.066775,0.068874,3728188.23458125,1734364799999
1734364800000,0.068703,0.069645,0.066577,0.067102,1496971.80151053,1734393599999
1734393600000,0.067055,0.067263,0.063822,0.065904,556227.84609592,1734422399999
1734422400000,0.066058,0.066457,0.060941,0.062735,2264782.39103418,1734451199999
1734451200000,0.061938,0.06367,0.056623,0.058575,2399202.17039484,1734479999999
1734480000000,0.058565,0.061532,0.057975,0.0603,665949.14905911,1734508799999
1734508800000,0.060226,0.062319,0.057793,0.058972,1532846.69137714,1734537599999
1734537600000,0.059166,0.065307,0.0576,0.0576,4066193.34509507,1734566399999
1734566400000,0.0576,0.063493,0.055889,0.061157,1250241.77339461,1734595199999
1734595200000,0.061243,0.061243,0.052892,0.054,2371959.27164869,1734623999999
1734624000000,0.053897,0.055443,0.050035,0.051026,1993559.53714851,1734652799999
1734652800000,0.050747,0.052698,0.049677,0.05137,504331.58806346,1734681599999
1734681600000,0.050905,0.051746,0.044278,0.05056,1196000.42823469,1734710399999
1734710400000,0.05031,0.053217,0.049374,0.052866,718949.55739398,1734739199999
1734739200000,0.052272,0.059211,0.052272,0.056271,910418.41059594,1734767999999
1734768000000,0.056157,0.05633,0.049816,0.051727,1305903.75483297,1734796799999
1734796800000,0.050668,0.051084,0.0489,0.04933,746127.41429934,1734825599999
1734825600000,0.049412,0.050025,0.04715,0.04801,331775.36078031,1734854399999
1734854400000,0.048706,0.050493,0.048143,0.048808,838219.71319339,1734883199999
1734883200000,0.048713,0.049446,0.046739,0.048424,935928.6683589,1734911999999
1734912000000,0.048058,0.052163,0.047504,0.048162,719409.6506978,1734940799999
1734940800000,0.048367,0.049549,0.047127,0.047127,616183.17232062,1734969599999
1734969600000,0.047196,0.051302,0.047146,0.050547,746549.35439175,1734998399999
1734998400000,0.050666,0.050969,0.048469,0.049771,347020.01338613,1735027199999
1735027200000,0.049771,0.0518,0.049474,0.051696,513634.59981745,1735055999999
1735056000000,0.051533,0.052331,0.050258,0.051814,834324.02633128,1735084799999
1735084800000,0.051216,0.055709,0.049402,0.0507,1602198.30313996,1735113599999
1735113600000,0.051153,0.052769,0.050544,0.050644,1619201.77074966,1735142399999
1735142400000,0.050717,0.051117,0.049753,0.051102,368218.21959575,1735171199999
1735171200000,0.050898,0.050991,0.047,0.047,309192.19167484,1735199999999
1735200000000,0.047,0.04843,0.045841,0.046887,2810318.4984451,1735228799999
1735228800000,0.047021,0.047194,0.046,0.046495,596039.33235886,1735257599999
1735257600000,0.046612,0.0578,0.046196,0.054999,6911408.06607697,1735286399999
1735286400000,0.054995,0.0591,0.05066,0.051757,9230684.99363158,1735315199999
1735315200000,0.051034,0.05277,0.049672,0.050263,2295031.36224605,1735343999999
1735344000000,0.051282,0.053622,0.049645,0.050143,313659.51993642,1735372799999
1735372800000,0.050394,0.051495,0.049431,0.049431,712820.73631425,1735401599999
1735401600000,0.049309,0.050542,0.049,0.049961,439863.86965551,1735430399999
1735430400000,0.0499,0.0499,0.048329,0.049392,244950.78246623,1735459199999
1735459200000,0.049639,0.050945,0.0483,0.048644,541227.28613312,1735487999999
1735488000000,0.048256,0.052842,0.047845,0.051112,1086783.81818076,1735516799999
1735516800000,0.050523,0.053142,0.049685,0.049928,1127073.70688213,1735545599999
1735545600000,0.049674,0.050271,0.04822,0.048818,320945.35509841,1735574399999
1735574400000,0.049225,0.050268,0.048,0.048874,467831.25359144,1735603199999
1735603200000,0.0485,0.0487,0.047605,0.047605,128701.20538495,1735631999999
1735632000000,0.047605,0.049925,0.047564,0.049768,787373.5015704,1735660799999
1735660800000,0.049059,0.049933,0.047647,0.047701,280415.30368952,1735689599999
1735689600000,0.04827,0.0488,0.047634,0.048315,34517.55965376,1735718399999
1735718400000,0.048034,0.048416,0.046975,0.048346,684585.50298722,1735747199999
1735747200000,0.04822,0.049792,0.048127,0.048906,363887.15529737,1735775999999
1735776000000,0.049,0.050391,0.048742,0.050017,130060.91765717,1735804799999
1735804800000,0.050701,0.051495,0.049481,0.049487,896079.34760106,1735833599999
1735833600000,0.04975,0.05134,0.049555,0.050218,878218.75650108,1735862399999
1735862400000,0.050108,0.050174,0.0485,0.048589,303684.36654949,1735891199999
1735891200000,0.048742,0.050731,0.048165,0.050498,790481.18684387,1735919999999
1735920000000,0.050498,0.052741,0.0504,0.052379,926832.19444447,1735948799999
1735948800000,0.051648,0.053751,0.05074,0.052824,219741.31670829,1735977599999
1735977600000,0.052018,0.0544,0.05112,0.052552,865267.52379979,1736006399999
1736006400000,0.05294,0.053838,0.051056,0.051647,1133656.50235359,1736035199999
1736035200000,0.051889,0.052199,0.051194,0.051194,127864.54880073,1736063999999
1736064000000,0.051665,0.051829,0.050755,0.051585,1105474.1135974,1736092799999
1736092800000,0.051727,0.052189,0.051376,0.051449,545022.16536627,1736121599999
1736121600000,0.051618,0.052079,0.051135,0.05207,90509.34357528,1736150399999
1736150400000,0.051654,0.054643,0.051109,0.053843,1101703.32371031,1736179199999
1736179200000,0.054295,0.054478,0.052033,0.052033,644217.75231892,1736207999999
1736208000000,0.052409,0.056063,0.052,0.055117,1325078.14481614,1736236799999
1736236800000,0.054884,0.061,0.052475,0.053738,3307824.42609794,1736265599999
1736265600000,0.053215,0.054922,0.05,0.050337,1355271.92839243,1736294399999
1736294400000,0.05,0.05,0.0475,0.048492,157427.29474872,1736323199999
1736323200000,0.048678,0.049157,0.046962,0.047234,635821.5179444,1736351999999
1736352000000,0.047161,0.048197,0.045282,0.048024,420315.76136039,1736380799999
1736380800000,0.048008,0.048176,0.045408,0.045474,13447.04248051,1736409599999
1736409600000,0.045716,0.045717,0.043399,0.045127,487041.78361217,1736438399999
1736438400000,0.0454,0.045603,0.04363,0.045028,559196.60010037,1736467199999
1736467200000,0.04425,0.044924,0.043786,0.044924,579482.94095315,1736495999999
1736496000000,0.045215,0.045387,0.043613,0.043792,828441.26596907,1736524799999
1736524800000,0.044245,0.04519,0.044003,0.045046,195165.03440469,1736553599999
1736553600000,0.044937,0.044937,0.043832,0.043855,20736.27278282,1736582399999
1736582400000,0.043791,0.044244,0.043766,0.044,263465.33585696,1736611199999
1736611200000,0.044008,0.044621,0.043771,0.044226,267381.17842662,1736639999999
1736640000000,0.044131,0.044147,0.043599,0.04367,289509.6797233,1736668799999
1736668800000,0.0437,0.044014,0.041627,0.042985,708711.09550061,1736697599999
1736697600000,0.042925,0.04307,0.042432,0.042432,109481.15292242,1736726399999
1736726400000,0.04311,0.04311,0.038556,0.039213,548738.31021764,1736755199999
1736755200000,0.039038,0.039038,0.036559,0.037805,1499814.39788932,1736783999999
1736784000000,0.037891,0.03908,0.037045,0.038574,389949.76081299,1736812799999
1736812800000,0.038423,0.039667,0.038396,0.039029,158731.40442294,1736841599999
1736841600000,0.038667,0.04045,0.038537,0.03934,406518.32881532,1736870399999
1736870400000,0.039,0.039778,0.0386,0.039105,280286.5853943,1736899199999
1736899200000,0.039039,0.039042,0.037929,0.038405,469188.88490137,1736927999999
1736928000000,0.038569,0.03858,0.035127,0.037455,1737743.36605875,1736956799999
1736956800000,0.037332,0.038449,0.037138,0.038334,1443196.22948981,1736985599999
1736985600000,0.038264,0.038264,0.037138,0.03772,700828.87870714,1737014399999
1737014400000,0.03772,0.037973,0.036292,0.0369,931401.29494329,1737043199999
1737043200000,0.037268,0.037807,0.035763,0.03617,1356167.71897801,1737071999999
1737072000000,0.036078,0.051159,0.036078,0.046693,9511327.55562406,1737100799999
1737100800000,0.046802,0.064142,0.044197,0.048538,4.699775272972465E7,1737129599999
1737129600000,0.048396,0.0734,0.04645,0.058968,7.815048009537092E7,1737158399999
1737158400000,0.058968,0.061983,0.053278,0.053491,1.466402571845792E7,1737187199999
1737187200000,0.053485,0.0599,0.048921,0.05429,2.217422468882929E7,1737215999999
1737216000000,0.054111,0.055143,0.050125,0.050491,7397752.39504745,1737244799999
1737244800000,0.05,0.050796,0.048705,0.049334,1773634.22610196,1737273599999
1737273600000,0.04852,0.0488,0.043437,0.046443,7548364.27530191,1737302399999
1737302400000,0.046104,0.046571,0.040861,0.041406,1.315035641511785E7,1737331199999
1737331200000,0.041224,0.044129,0.038514,0.043782,1786888.02489549,1737359999999
1737360000000,0.043572,0.047271,0.040928,0.041463,4356025.39668711,1737388799999
1737388800000,0.041463,0.04193,0.039,0.039153,2060498.08292998,1737417599999
1737417600000,0.039249,0.042422,0.038501,0.039655,726180.8425686,1737446399999
1737446400000,0.039695,0.044622,0.038714,0.041132,3123091.507057,1737475199999
1737475200000,0.041232,0.042031,0.038803,0.039674,2119070.61355946,1737503999999
1737504000000,0.039497,0.041018,0.038777,0.040563,611706.18384943,1737532799999
1737532800000,0.040607,0.04121,0.039507,0.039627,1074752.24470785,1737561599999
1737561600000,0.03967,0.04039,0.038969,0.039247,481112.04624768,1737590399999
1737590400000,0.038781,0.039178,0.037933,0.039178,427967.980826,1737619199999
1737619200000,0.038946,0.039478,0.037846,0.039393,331637.8071964,1737647999999
1737648000000,0.039596,0.055021,0.039596,0.052016,2.075724590668519E7,1737676799999
1737676800000,0.05151,0.056,0.046,0.0495,1.10935557162658E7,1737705599999
1737705600000,0.049942,0.0518,0.044654,0.04599,1.306646007652657E7,1737734399999
1737734400000,0.04625,0.04625,0.043146,0.044017,3557092.02508336,1737763199999
1737763200000,0.043776,0.044858,0.042096,0.043326,961128.9518132,1737791999999
1737792000000,0.043326,0.045838,0.042424,0.042821,1001137.29923094,1737820799999
1737820800000,0.042525,0.044071,0.042434,0.043704,1494675.92626143,1737849599999
1737849600000,0.043692,0.046837,0.043692,0.04462,841716.09829814,1737878399999
1737878400000,0.044343,0.048121,0.04361,0.043838,1568462.04146199,1737907199999
1737907200000,0.043714,0.04385,0.039701,0.039701,1151505.29696024,1737935999999
1737936000000,0.039676,0.040715,0.037426,0.038608,1140324.44892184,1737964799999
1737964800000,0.038693,0.040956,0.037323,0.040722,2126189.52471143,1737993599999
1737993600000,0.040528,0.040646,0.039022,0.040009,1443859.30143611,1738022399999
1738022400000,0.040282,0.041127,0.039883,0.039957,155045.86321836,1738051199999
1738051200000,0.039664,0.040538,0.039262,0.039901,334535.90448977,1738079999999
1738080000000,0.039591,0.039678,0.03719,0.037408,862858.87673808,1738108799999
1738108800000,0.037739,0.039565,0.037739,0.039415,109947.96913091,1738137599999
1738137600000,0.039235,0.03948,0.038395,0.038881,412658.9445306,1738166399999
1738166400000,0.03869,0.041058,0.038433,0.039,472322.17716511,1738195199999
1738195200000,0.038924,0.040793,0.038897,0.040098,417392.80650743,1738223999999
1738224000000,0.040207,0.043067,0.039725,0.041263,557312.98909192,1738252799999
1738252800000,0.040698,0.040845,0.039345,0.039345,342394.43859477,1738281599999
1738281600000,0.03925,0.039703,0.0385,0.039311,311900.95281946,1738310399999
1738310400000,0.039353,0.040811,0.038894,0.040811,649775.5981688,1738339199999
1738339200000,0.040533,0.04078,0.038492,0.038767,483312.59104097,1738367999999
1738368000000,0.03846,0.039022,0.037798,0.037855,210990.21097776,1738396799999
1738396800000,0.03797,0.038538,0.037518,0.03821,666027.40475032,1738425599999
1738425600000,0.037722,0.03824,0.036449,0.036705,621188.02564606,1738454399999
1738454400000,0.036831,0.038206,0.035948,0.036777,317672.26106797,1738483199999
1738483200000,0.037234,0.037506,0.035567,0.036368,586371.37454652,1738511999999
1738512000000,0.036186,0.036354,0.033329,0.035263,2649541.32117983,1738540799999
1738540800000,0.033205,0.033205,0.025224,0.031657,592553.41446899,1738569599999
1738569600000,0.031485,0.032345,0.028823,0.032345,334646.9103513,1738598399999
1738598400000,0.032368,0.034236,0.031597,0.033769,270545.43949004,1738627199999
1738627200000,0.033449,0.033561,0.03007,0.030503,289392.81776135,1738655999999
1738656000000,0.031399,0.032191,0.030492,0.030883,264539.96272575,1738684799999
1738684800000,0.03088,0.031251,0.029565,0.029999,246464.27257558,1738713599999
1738713600000,0.030228,0.030466,0.030094,0.030094,25720.80462974,1738742399999
1738742400000,0.030474,0.030909,0.030364,0.030738,89833.28490703,1738771199999
1738771200000,0.029971,0.03,0.028916,0.029035,119554.55172109,1738799999999
1738800000000,0.028915,0.029619,0.028915,0.02921,62697.11233796,1738828799999
1738828800000,0.029181,0.030121,0.027982,0.027982,124847.54793256,1738857599999
1738857600000,0.028102,0.028301,0.02699,0.027166,443544.55884203,1738886399999
1738886400000,0.02721,0.028332,0.02721,0.028332,182722.70325437,1738915199999
1738915200000,0.028121,0.029356,0.028091,0.028671,83869.44071586,1738943999999
1738944000000,0.0286,0.028612,0.027056,0.027772,101124.40013756,1738972799999
1738972800000,0.0276,0.027813,0.026816,0.027247,196790.70164596,1739001599999
1739001600000,0.026854,0.027021,0.026619,0.026711,121676.42948664,1739030399999
1739030400000,0.026432,0.028357,0.026432,0.028254,816330.52628421,1739059199999
1739059200000,0.027675,0.027675,0.026587,0.027065,716009.86027416,1739087999999
1739088000000,0.027054,0.034034,0.0268,0.031703,5405971.7932176,1739116799999
1739116800000,0.031297,0.0375,0.030914,0.035658,1.72405085585112E7,1739145599999
1739145600000,0.035737,0.043729,0.034047,0.039362,1.115546937318904E7,1739174399999
1739174400000,0.03904,0.040121,0.032999,0.033498,1.44711032332238E7,1739203199999
1739203200000,0.03375,0.034623,0.032836,0.033455,4162383.61342982,1739231999999
1739232000000,0.033631,0.036594,0.033619,0.03432,1452461.81768199,1739260799999
1739260800000,0.034136,0.034784,0.030001,0.033173,5991030.51387877,1739289599999
1739289600000,0.033387,0.035188,0.03119,0.033529,1332752.01820866,1739318399999
1739318400000,0.033274,0.033274,0.030434,0.030927,632554.49836273,1739347199999
1739347200000,0.030884,0.032307,0.030401,0.031411,1062870.07430935,1739375999999
1739376000000,0.031083,0.031715,0.030429,0.03118,1628333.34721018,1739404799999
1739404800000,0.031134,0.031449,0.0302,0.0302,579305.58359864,1739433599999
1739433600000,0.03002,0.03002,0.029,0.029261,839991.44686969,1739462399999
1739462400000,0.029273,0.029322,0.028119,0.028193,455042.22589897,1739491199999
1739491200000,0.028214,0.028984,0.028094,0.028316,261022.45306342,1739519999999
1739520000000,0.028604,0.028886,0.02832,0.028661,675993.79930051,1739548799999
1739548800000,0.028795,0.029267,0.0278,0.028043,1377711.54312703,1739577599999
1739577600000,0.028056,0.028524,0.027936,0.028198,557529.40783136,1739606399999
1739606400000,0.028152,0.029114,0.028137,0.02887,1350827.79003259,1739635199999
1739635200000,0.028896,0.028902,0.028273,0.028439,331153.93616352,1739663999999
1739664000000,0.028489,0.028689,0.028111,0.028333,176964.97681893,1739692799999
1739692800000,0.028466,0.029069,0.028373,0.028806,345183.09365114,1739721599999
1739721600000,0.029114,0.032107,0.02874,0.028943,3173801.04668473,1739750399999
1739750400000,0.028736,0.028736,0.027385,0.027601,580817.91689498,1739779199999
1739779200000,0.027439,0.032698,0.027439,0.03164,6127686.31143035,1739807999999
1739808000000,0.031635,0.032166,0.02875,0.02875,3897834.4643366,1739836799999
1739836800000,0.028729,0.030934,0.02841,0.028548,580979.63331939,1739865599999
1739865600000,0.028536,0.029719,0.028366,0.028557,2571555.31273387,1739894399999
1739894400000,0.028458,0.028458,0.027274,0.027415,2723948.14894434,1739923199999
1739923200000,0.027739,0.0285,0.027638,0.02846,319301.43579279,1739951999999
1739952000000,0.028352,0.028581,0.02777,0.02777,488654.80351308,1739980799999
1739980800000,0.027873,0.029576,0.027751,0.029349,2383013.11519408,1740009599999
1740009600000,0.029375,0.029375,0.028567,0.028567,2320047.49042563,1740038399999
1740038400000,0.02843,0.030165,0.028316,0.028843,1370944.21616306,1740067199999
1740067200000,0.028802,0.029956,0.028682,0.029707,787445.87296725,1740095999999
1740096000000,0.029698,0.030192,0.029476,0.030079,134784.57640147,1740124799999
1740124800000,0.029959,0.042,0.029941,0.037072,8006671.03180201,1740153599999
1740153600000,0.036843,0.0495,0.034851,0.036688,3.032066529473612E7,1740182399999
1740182400000,0.036927,0.039719,0.035003,0.035856,6717519.81235269,1740211199999
1740211200000,0.035899,0.036552,0.031501,0.03163,9529179.97943514,1740239999999
1740240000000,0.031947,0.034212,0.031796,0.03275,1.089097899600559E7,1740268799999
1740268800000,0.032892,0.034151,0.031924,0.032834,4205863.1471215,1740297599999
1740297600000,0.032588,0.033567,0.031288,0.031506,2327553.81501459,1740326399999
1740326400000,0.031383,0.031936,0.030993,0.03141,2673691.42969397,1740355199999
1740355200000,0.031761,0.031789,0.030174,0.030227,688056.86306924,1740383999999
1740384000000,0.030468,0.030588,0.029038,0.029117,1593614.04390838,1740412799999
1740412800000,0.029204,0.030309,0.028066,0.028249,2043223.68288642,1740441599999
1740441600000,0.028359,0.029123,0.026729,0.028637,1181943.91704378,1740470399999
1740470400000,0.028321,0.033603,0.028,0.02985,5259958.35481147,1740499199999
1740499200000,0.029621,0.03151,0.028865,0.029944,950404.59573544,1740527999999
1740528000000,0.03011,0.030739,0.029905,0.03,555619.45986617,1740556799999
1740556800000,0.030149,0.032073,0.029237,0.029657,823477.12335628,1740585599999
1740585600000,0.029572,0.029899,0.028649,0.02889,1918577.38858766,1740614399999
1740614400000,0.029046,0.030246,0.029046,0.030246,183026.52179527,1740643199999
1740643200000,0.030272,0.031444,0.030025,0.030297,3360408.42269122,1740671999999
1740672000000,0.030311,0.030319,0.029371,0.030319,1819327.81403069,1740700799999
1740700800000,0.030295,0.030425,0.028525,0.028743,838148.49172273,1740729599999
1740729600000,0.028622,0.029384,0.027916,0.029076,5824771.79716068,1740758399999
1740758400000,0.028914,0.029948,0.028867,0.029568,316118.16497451,1740787199999
1740787200000,0.029344,0.029581,0.029261,0.029518,435922.62063351,1740815999999
1740816000000,0.02978,0.029899,0.028896,0.028896,720714.9558565,1740844799999
1740844800000,0.028982,0.029192,0.028462,0.029127,1233847.38262249,1740873599999
1740873600000,0.029026,0.029366,0.028956,0.028977,380487.9313212,1740902399999
1740902400000,0.029006,0.029265,0.028305,0.028439,2405760.48380036,1740931199999
1740931200000,0.028472,0.030281,0.028387,0.029578,3138394.35583711,1740959999999
1740960000000,0.029476,0.029847,0.029083,0.029163,544313.79630813,1740988799999
1740988800000,0.02931,0.029894,0.028697,0.028806,585874.34988166,1741017599999
1741017600000,0.028804,0.028804,0.026461,0.026805,1460011.7075554,1741046399999
1741046400000,0.026797,0.026797,0.024665,0.024956,1161459.05605509,1741075199999
1741075200000,0.024818,0.025272,0.023829,0.024409,1191682.90202411,1741103999999
1741104000000,0.024373,0.0254,0.023569,0.024575,2668485.53576613,1741132799999
1741132800000,0.024543,0.0258,0.024,0.024717,419858.33259241,1741161599999
1741161600000,0.024559,0.025455,0.024278,0.02442,374036.59926162,1741190399999
1741190400000,0.024348,0.025072,0.024074,0.025002,757338.3160947,1741219199999
1741219200000,0.024886,0.025244,0.024613,0.024613,61743.52769116,1741247999999
1741248000000,0.024469,0.0249,0.024169,0.024702,588371.18520683,1741276799999
1741276800000,0.024754,0.024754,0.023184,0.023184,1259815.18744945,1741305599999
1741305600000,0.023,0.023932,0.022,0.023827,161125.85790751,1741334399999
1741334400000,0.023488,0.02477,0.023228,0.023257,1124972.63260126,1741363199999
1741363200000,0.023453,0.024155,0.02256,0.022709,400857.19785594,1741391999999
1741392000000,0.022696,0.022696,0.02243,0.022691,27250.41579954,1741420799999
1741420800000,0.022498,0.022544,0.021978,0.02231,396117.92708608,1741449599999
1741449600000,0.022098,0.025282,0.021733,0.022321,8652643.24983918,1741478399999
1741478400000,0.02218,0.022271,0.021468,0.021684,269067.69878884,1741507199999
1741507200000,0.021562,0.021604,0.020244,0.020827,976272.65691316,1741535999999
1741536000000,0.020999,0.021118,0.019088,0.019088,1913961.91408779,1741564799999
1741564800000,0.019318,0.019484,0.018555,0.019198,278306.99935079,1741593599999
1741593600000,0.019077,0.020573,0.018794,0.019439,2239390.98514766,1741622399999
1741622400000,0.019114,0.019297,0.017747,0.017912,2465285.29020271,1741651199999
1741651200000,0.017983,0.018433,0.016976,0.018356,309124.89656572,1741679999999
1741680000000,0.018413,0.018413,0.017546,0.018073,491120.69406054,1741708799999
1741708800000,0.018093,0.019159,0.017955,0.018616,640383.65896007,1741737599999
1741737600000,0.018758,0.019446,0.018227,0.018502,450864.70859696,1741766399999
1741766400000,0.018449,0.022618,0.018449,0.018722,4610901.24460352,1741795199999
1741795200000,0.018991,0.0194,0.018735,0.019136,151468.13474989,1741823999999
1741824000000,0.0194,0.021316,0.0194,0.019932,1990017.86839703,1741852799999
1741852800000,0.020013,0.0229,0.019391,0.021942,3102530.48244759,1741881599999
1741881600000,0.021979,0.022798,0.019873,0.020527,2948962.10825545,1741910399999
1741910400000,0.020445,0.020598,0.020066,0.020166,35212.17743667,1741939199999
1741939200000,0.02019,0.021156,0.02019,0.020221,438564.67717935,1741967999999
1741968000000,0.0201,0.020393,0.019853,0.020006,650735.37513562,1741996799999
1741996800000,0.019902,0.02041,0.019875,0.019898,1813059.76471655,1742025599999
1742025600000,0.019928,0.020801,0.019903,0.020143,662785.78625319,1742054399999
1742054400000,0.02024,0.020426,0.020055,0.020325,274564.59843152,1742083199999
1742083200000,0.020955,0.022087,0.020503,0.020701,3095283.51310604,1742111999999
1742112000000,0.020877,0.020995,0.0203,0.020631,1030237.938723,1742140799999
1742140800000,0.020897,0.020906,0.019702,0.020141,785304.28668455,1742169599999
1742169600000,0.019898,0.020277,0.019656,0.020277,86961.1435083,1742198399999
1742198400000,0.020244,0.020846,0.020123,0.020305,396397.46141764,1742227199999
1742227200000,0.020481,0.021284,0.020221,0.020674,1003114.93659105,1742255999999
1742256000000,0.020711,0.020711,0.019109,0.019285,1034092.44983764,1742284799999
1742284800000,0.019116,0.019447,0.019,0.019,773071.38934777,1742313599999
1742313600000,0.018962,0.019323,0.018884,0.019323,423352.82461414,1742342399999
1742342400000,0.019272,0.019853,0.019001,0.019216,460801.01973725,1742371199999
1742371200000,0.019113,0.019666,0.019107,0.019348,369402.84069262,1742399999999
1742400000000,0.01924,0.020661,0.019084,0.019927,743879.14355421,1742428799999
1742428800000,0.019871,0.02092,0.01965,0.020724,904928.55432572,1742457599999
1742457600000,0.020686,0.020686,0.020029,0.020343,1446019.62254514,1742486399999
1742486400000,0.020298,0.0245,0.020298,0.023465,7260904.06419046,1742515199999
1742515200000,0.023516,0.027,0.020578,0.02066,1.763679950704137E7,1742543999999
1742544000000,0.020649,0.021156,0.02,0.020331,3898537.27955546,1742572799999
1742572800000,0.020117,0.020631,0.019685,0.019856,1170273.94940725,1742601599999
1742601600000,0.0198,0.020058,0.01935,0.020058,1748994.78312329,1742630399999
1742630400000,0.020019,0.020638,0.019673,0.019677,1262311.70150089,1742659199999
1742659200000,0.019705,0.019761,0.018837,0.018899,544795.10893795,1742687999999
1742688000000,0.018791,0.019423,0.018701,0.019101,165526.40823852,1742716799999
1742716800000,0.019146,0.019826,0.019057,0.019826,181720.29815304,1742745599999
1742745600000,0.019142,0.019217,0.018245,0.018762,283994.87023554,1742774399999
1742774400000,0.018994,0.019445,0.018802,0.019258,167968.04489976,1742803199999
1742803200000,0.019395,0.019815,0.019388,0.019516,243243.04745561,1742831999999
1742832000000,0.019573,0.019852,0.0192,0.019296,180415.94503717,1742860799999
1742860800000,0.020109,0.020191,0.018245,0.018941,783172.70158034,1742889599999
1742889600000,0.018867,0.01905,0.018643,0.018811,1307781.41194308,1742918399999
1742918400000,0.018811,0.019195,0.018724,0.019195,950989.54349613,1742947199999
1742947200000,0.019126,0.019444,0.018946,0.01909,165004.35795346,1742975999999
1742976000000,0.019214,0.019677,0.018364,0.0189,2202621.25766474,1743004799999
1743004800000,0.019099,0.019099,0.018558,0.018728,1149558.91032061,1743033599999
1743033600000,0.018736,0.019041,0.018696,0.018966,591704.47107213,1743062399999
1743062400000,0.018895,0.019163,0.018635,0.018972,1116399.60835625,1743091199999
1743091200000,0.018959,0.01931,0.018703,0.018703,201676.75892125,1743119999999
1743120000000,0.018774,0.018774,0.017877,0.018032,449678.98158791,1743148799999
1743148800000,0.017915,0.01813,0.017571,0.017586,92080.99015926,1743177599999
1743177600000,0.0176,0.01772,0.017221,0.01772,83515.35700919,1743206399999
1743206400000,0.017775,0.017775,0.016053,0.016053,474810.13135483,1743235199999
1743235200000,0.016071,0.016503,0.01579,0.016188,1203812.93583988,1743263999999
1743264000000,0.016224,0.017,0.015727,0.016063,1363022.49182948,1743292799999
1743292800000,0.015983,0.016683,0.015826,0.016683,159874.96154065,1743321599999
1743321600000,0.016299,0.016558,0.015803,0.016084,608248.72784906,1743350399999
1743350400000,0.016098,0.016124,0.015662,0.015836,656720.55551505,1743379199999
1743379200000,0.01582,0.015895,0.014438,0.014709,824103.30654774,1743407999999
1743408000000,0.014832,0.0156,0.014317,0.0156,812294.54622483,1743436799999
1743436800000,0.015166,0.015235,0.014732,0.014805,726030.59385474,1743465599999
1743465600000,0.01483,0.015742,0.01483,0.015183,386566.83735703,1743494399999
1743494400000,0.015494,0.01579,0.014722,0.015103,1480250.00590824,1743523199999
1743523200000,0.015079,0.015079,0.013758,0.014126,2075329.3685427,1743551999999
1743552000000,0.014094,0.014916,0.013532,0.013602,4582792.22471448,1743580799999
1743580800000,0.013758,0.014329,0.013721,0.014329,937605.22953291,1743609599999
1743609600000,0.014338,0.014338,0.012856,0.012856,626557.35758974,1743638399999
1743638400000,0.013163,0.013343,0.012917,0.012917,28800.1740567,1743667199999
1743667200000,0.012935,0.012935,0.011248,0.0114,1975393.11154628,1743695999999
1743696000000,0.01146,0.011689,0.011252,0.011311,809441.76551226,1743724799999
1743724800000,0.011072,0.011557,0.010927,0.011557,652695.00659462,1743753599999
1743753600000,0.011525,0.011686,0.010999,0.011377,6231763.26723336,1743782399999
1743782400000,0.011434,0.01236,0.011338,0.012051,421746.345709,1743811199999
1743811200000,0.012023,0.012733,0.011795,0.012258,3146089.47361672,1743839999999
1743840000000,0.012335,0.012541,0.011634,0.011634,2891459.37149767,1743868799999
1743868800000,0.011617,0.012193,0.011617,0.011943,1776273.77937895,1743897599999
1743897600000,0.011953,0.01196,0.011567,0.011567,688329.98081411,1743926399999
1743926400000,0.011534,0.011592,0.010521,0.010521,1090203.66264114,1743955199999
1743955200000,0.01055,0.0106,0.009457,0.009903,3386183.52108052,1743983999999
1743984000000,0.009866,0.01005,0.0085975,0.009,1254002.30486294,1744012799999
1744012800000,0.009001,0.01,0.0089774,0.009497,2721110.20589523,1744041599999
1744041600000,0.009504,0.0098051,0.009367,0.009367,870347.89676021,1744070399999
1744070400000,0.009416,0.00955,0.0091531,0.009299,696438.9134367,1744099199999
1744099200000,0.0093079,0.00969,0.009068,0.009339,1665054.35576194,1744127999999
1744128000000,0.009303,0.011359,0.008579,0.008579,3959010.6038793,1744156799999
1744156800000,0.0085904,0.0087579,0.0082949,0.0087484,1613611.66872729,1744185599999
1744185600000,0.0087145,0.0089969,0.0083891,0.0089736,540278.07198065,1744214399999
1744214400000,0.0091018,0.010398,0.0089779,0.0098916,2459884.60493589,1744243199999
1744243200000,0.0099322,0.0099323,0.0094369,0.009641,555851.22256888,1744271999999
1744272000000,0.00966,0.009688,0.0090119,0.009058,665651.44464173,1744300799999
1744300800000,0.00919,0.011694,0.00919,0.010957,1.668282111767526E7,1744329599999
1744329600000,0.010986,0.013409,0.010785,0.012164,1.280169311392544E7,1744358399999
1744358400000,0.012047,0.0165,0.011403,0.014774,2.895508496910675E7,1744387199999
1744387200000,0.014774,0.015317,0.013077,0.01467,2.086913053152388E7,1744415999999
1744416000000,0.014667,0.014667,0.013181,0.01375,1.828766141911935E7,1744444799999
1744444800000,0.013814,0.01436,0.0125,0.012697,7881929.59990264,1744473599999
1744473600000,0.012732,0.013162,0.012175,0.012325,6308765.87129831,1744502399999
1744502400000,0.012403,0.012528,0.011921,0.011985,3654619.12166534,1744531199999
1744531200000,0.012038,0.012452,0.011319,0.011319,4439133.26125837,1744559999999
1744560000000,0.011392,0.011739,0.010793,0.01091,4879114.56936517,1744588799999
1744588800000,0.010865,0.011464,0.010865,0.011289,2212920.3483661,1744617599999
1744617600000,0.011285,0.011384,0.010607,0.010692,1622292.96359359,1744646399999
1744646400000,0.010699,0.011042,0.0104,0.010763,2675250.93354936,1744675199999
1744675200000,0.010668,0.010838,0.010302,0.010666,429428.84900942,1744703999999
1744704000000,0.01067,0.01207,0.01035,0.011767,5704496.08364973,1744732799999
1744732800000,0.011923,0.0127,0.011576,0.012022,1.592938897988525E7,1744761599999
1744761600000,0.011916,0.014944,0.01181,0.013023,2.782349965458521E7,1744790399999
1744790400000,0.012957,0.0133,0.010892,0.010892,1.269724501494584E7,1744819199999
1744819200000,0.010924,0.011025,0.009921,0.009921,2148885.86144889,1744847999999
1744848000000,0.0099021,0.01046,0.00963,0.0097853,7498740.06673325,1744876799999
1744876800000,0.0097888,0.01024,0.0097888,0.010003,3520233.1953385,1744905599999
1744905600000,0.010012,0.010532,0.009975,0.009975,2138095.27871679,1744934399999
1744934400000,0.009877,0.0099582,0.009676,0.0097559,2009441.75986808,1744963199999
1744963200000,0.0097675,0.0099382,0.0096549,0.009738,1788924.97273736,1744991999999
1744992000000,0.009782,0.009782,0.0094067,0.0095719,3148934.54722961,1745020799999
1745020800000,0.0095352,0.009813,0.0093697,0.0096311,1354152.56596218,1745049599999
1745049600000,0.0096848,0.011336,0.009592,0.011282,5393368.81576862,1745078399999
1745078400000,0.011134,0.01118,0.010328,0.010525,4723757.44085309,1745107199999
1745107200000,0.010407,0.010407,0.009976,0.010232,3211221.0293427,1745135999999
1745136000000,0.010237,0.0104,0.0097763,0.00987,3143170.62231867,1745164799999
1745164800000,0.009867,0.0099649,0.0097417,0.009915,2530589.23516727,1745193599999
1745193600000,0.009903,0.010078,0.0097,0.009929,665472.84136563,1745222399999
1745222400000,0.010119,0.010421,0.0098,0.010121,890867.63914915,1745251199999
1745251200000,0.010143,0.010434,0.009647,0.0099619,1543180.91482305,1745279999999
1745280000000,0.010009,0.010145,0.0097341,0.010023,1711598.76321154,1745308799999
1745308800000,0.010113,0.010714,0.0097249,0.010092,8719312.79861532,1745337599999
1745337600000,0.010178,0.010348,0.010008,0.010348,1867745.17495708,1745366399999
1745366400000,0.010518,0.010738,0.010285,0.010659,1742048.80911901,1745395199999
1745395200000,0.0104,0.012019,0.010263,0.01108,6395144.39722146,1745423999999
1745424000000,0.010983,0.010983,0.010401,0.010614,4745264.80397506,1745452799999
1745452800000,0.010622,0.010622,0.009965,0.010039,4171950.81989271,1745481599999
1745481600000,0.010043,0.0103,0.0098831,0.010122,3987257.65153526,1745510399999
1745510400000,0.010183,0.0103,0.0099947,0.010176,2446533.16114309,1745539199999
1745539200000,0.010167,0.010347,0.010031,0.01015,962508.81973799,1745567999999
1745568000000,0.010265,0.01121,0.010261,0.010522,3337467.49957545,1745596799999
1745596800000,0.010463,0.010463,0.010147,0.010215,3732217.81514595,1745625599999
1745625600000,0.010326,0.01046,0.01025,0.010393,1880361.16783717,1745654399999
1745654400000,0.010442,0.010822,0.010314,0.0106,5110045.21187626,1745683199999
1745683200000,0.010505,0.010589,0.010399,0.010533,548132.01734692,1745711999999
1745712000000,0.010371,0.010417,0.010254,0.010363,196978.48214451,1745740799999
1745740800000,0.010408,0.011637,0.010294,0.010389,1.296408830020185E7,1745769599999
1745769600000,0.010422,0.010491,0.01025,0.010311,1442220.61514739,1745798399999
1745798400000,0.010264,0.01063,0.010178,0.010522,3903063.56415826,1745827199999
1745827200000,0.0106,0.0112,0.010365,0.010564,8041288.66372072,1745855999999
1745856000000,0.010615,0.011421,0.010452,0.011,7348112.03247125,1745884799999
1745884800000,0.011001,0.013583,0.010995,0.011295,2.193174711698642E7,1745913599999
1745913600000,0.011333,0.011651,0.011,0.011055,1.047548618371787E7,1745942399999
1745942400000,0.010992,0.011042,0.010369,0.010664,4552203.05536491,1745971199999
1745971200000,0.010604,0.011178,0.010604,0.01075,2068479.90549779,1745999999999
1746000000000,0.01075,0.01095,0.010399,0.01083,2132099.4689011,1746028799999
1746028800000,0.010552,0.01088,0.010552,0.01076,1437643.5973259,1746057599999
1746057600000,0.010708,0.010921,0.010696,0.010862,558228.93569154,1746086399999
1746086400000,0.010884,0.011159,0.010769,0.011068,602935.91168267,1746115199999
1746115200000,0.011066,0.0111,0.010736,0.010823,731997.20016158,1746143999999
1746144000000,0.0111,0.0112,0.010647,0.010717,1052271.41322399,1746172799999
1746172800000,0.010763,0.010842,0.01057,0.01057,3075289.87622703,1746201599999
1746201600000,0.010584,0.01111,0.010409,0.010525,2068458.08283467,1746230399999
1746230400000,0.010533,0.010754,0.010498,0.010598,1074878.06939831,1746259199999
1746259200000,0.01063,0.010663,0.010478,0.010647,151992.11909342,1746287999999
1746288000000,0.0104,0.0104,0.0101,0.010201,413144.77612076,1746316799999
1746316800000,0.0101,0.010359,0.0099621,0.010054,237085.0584581,1746345599999
1746345600000,0.010068,0.01019,0.010009,0.010064,1777768.8369502,1746374399999
1746374400000,0.010042,0.01016,0.009754,0.009754,2271218.90216801,1746403199999
1746403200000,0.009602,0.009845,0.0093984,0.0096239,3882644.19729845,1746431999999
1746432000000,0.0096239,0.00993,0.0094629,0.00953,1598803.13215925,1746460799999
1746460800000,0.00967,0.009821,0.009498,0.00957,596902.5488849,1746489599999
1746489600000,0.0095671,0.009677,0.00938,0.0094112,1352529.13680995,1746518399999
1746518400000,0.009448,0.0096907,0.0089897,0.00927,3144808.38520054,1746547199999
1746547200000,0.009294,0.00963,0.009086,0.009525,3643336.77526266,1746575999999
1746576000000,0.009502,0.00961,0.00929,0.009533,415432.67171897,1746604799999
1746604800000,0.009475,0.01005,0.00927,0.009467,4431115.13916519,1746633599999
1746633600000,0.00951,0.00981,0.009358,0.009706,1324445.84424136,1746662399999
1746662400000,0.009658,0.009978,0.009294,0.009845,2360342.88088268,1746691199999
1746691200000,0.009879,0.01018,0.009698,0.010152,3918949.41981765,1746719999999
1746720000000,0.010147,0.0103,0.010097,0.010218,755276.00655839,1746748799999
1746748800000,0.01035,0.010925,0.010285,0.010577,335167.85961883,1746777599999
1746777600000,0.010579,0.01227,0.010409,0.011526,7389174.55143827,1746806399999
1746806400000,0.011607,0.013279,0.011031,0.011263,1.301468744640312E7,1746835199999
1746835200000,0.011526,0.011563,0.011067,0.01137,1346636.49802135,1746863999999
1746864000000,0.011378,0.012104,0.011059,0.011729,1340109.19289395,1746892799999
1746892800000,0.011615,0.012213,0.011374,0.012167,1202362.91344001,1746921599999
1746921600000,0.012099,0.012239,0.011332,0.01151,770274.71899243,1746950399999
1746950400000,0.011451,0.011854,0.011309,0.011503,2356412.45706289,1746979199999
1746979200000,0.011516,0.011732,0.011098,0.011339,2563887.22975825,1747007999999
1747008000000,0.011366,0.011893,0.011236,0.011893,926687.72058489,1747036799999
1747036800000,0.011513,0.01233,0.011513,0.011733,1333188.5919956,1747065599999
1747065600000,0.011752,0.011868,0.01127,0.011664,1587563.1406668,1747094399999
1747094400000,0.011822,0.011822,0.011045,0.0113,2084987.77851979,1747123199999
1747123200000,0.011343,0.01169,0.011192,0.011551,1664029.41940136,1747151999999
1747152000000,0.011704,0.01209,0.011385,0.01191,1371680.16381618,1747180799999
1747180800000,0.01193,0.01205,0.011521,0.01194,2058840.64184223,1747209599999
1747209600000,0.011992,0.011992,0.011475,0.011741,2749739.5129341,1747238399999
1747238400000,0.011903,0.0148,0.011713,0.013803,3.778390619435708E7,1747267199999
1747267200000,0.013597,0.013619,0.011701,0.012063,1.272410920999629E7,1747295999999
1747296000000,0.011929,0.012457,0.011341,0.01163,9365678.20663284,1747324799999
1747324800000,0.011662,0.011756,0.011117,0.011603,4281209.47074975,1747353599999
1747353600000,0.01144,0.011882,0.011354,0.011719,1725890.16674639,1747382399999
1747382400000,0.011658,0.012082,0.01143,0.011804,5902518.23335474,1747411199999
1747411200000,0.011853,0.011853,0.01117,0.01142,4463329.68536883,1747439999999
1747440000000,0.011404,0.011574,0.010965,0.011574,724947.60457265,1747468799999
1747468800000,0.011501,0.0142,0.011294,0.012241,1.353265720351353E7,1747497599999
1747497600000,0.012204,0.013397,0.012038,0.012235,1.796208519287134E7,1747526399999
1747526400000,0.012204,0.012222,0.01162,0.012012,5849205.30788841,1747555199999
1747555200000,0.011959,0.012404,0.011802,0.011988,1.048626495193737E7,1747583999999
1747584000000,0.012005,0.012052,0.011352,0.01167,5742936.1255111,1747612799999
1747612800000,0.011685,0.011838,0.01124,0.01135,4352690.5251653,1747641599999
1747641600000,0.011328,0.011863,0.01116,0.011412,1956381.44464418,1747670399999
1747670400000,0.011455,0.011802,0.011404,0.011638,811827.37502669,1747699199999
1747699200000,0.011644,0.011744,0.011313,0.011383,1071833.52006301,1747727999999
1747728000000,0.01138,0.01162,0.011275,0.011276,862123.03320745,1747756799999
1747756800000,0.01131,0.011518,0.011244,0.01139,658821.75327604,1747785599999
1747785600000,0.011383,0.011607,0.0112,0.011225,674471.41776592,1747814399999
1747814400000,0.011397,0.01162,0.0112,0.011535,1412133.06886702,1747843199999
1747843200000,0.011572,0.011689,0.011257,0.01156,3471623.98880505,1747871999999
1747872000000,0.01155,0.012027,0.011484,0.011798,3663254.959747,1747900799999
1747900800000,0.011989,0.012125,0.0116,0.011677,5243499.98823392,1747929599999
1747929600000,0.011803,0.011921,0.011464,0.011816,1294591.27880943,1747958399999
1747958400000,0.011742,0.01209,0.011519,0.011579,1071961.45421703,1747987199999
1747987200000,0.011578,0.011769,0.010843,0.011324,2067486.78364627,1748015999999
1748016000000,0.011263,0.011407,0.010653,0.010763,650167.80955015,1748044799999
1748044800000,0.010668,0.010902,0.010508,0.010862,1276535.81439537,1748073599999
1748073600000,0.01084,0.011389,0.010836,0.011,737431.24619712,1748102399999
1748102400000,0.011005,0.011089,0.010575,0.010764,2604800.44294308,1748131199999
1748131200000,0.010709,0.010798,0.010554,0.010646,787344.44453527,1748159999999
1748160000000,0.010601,0.010751,0.010258,0.010326,1590194.46661783,1748188799999
1748188800000,0.010244,0.010547,0.010088,0.010547,872002.61830051,1748217599999
1748217600000,0.010492,0.01069,0.01022,0.010401,552182.90558701,1748246399999
1748246400000,0.010459,0.010672,0.010429,0.010511,1924518.90570898,1748275199999
1748275200000,0.010481,0.010481,0.010231,0.01035,448761.43653533,1748303999999
1748304000000,0.010286,0.010564,0.010131,0.010564,357457.82790768,1748332799999
1748332800000,0.01059,0.01073,0.010487,0.010577,1998877.08569576,1748361599999
1748361600000,0.01059,0.010743,0.010451,0.010459,875652.56725807,1748390399999
1748390400000,0.010469,0.010469,0.010303,0.010313,197878.84784007,1748419199999
1748419200000,0.010337,0.010424,0.010136,0.010173,1957010.42093332,1748447999999
1748448000000,0.010159,0.010208,0.0099291,0.010208,4280067.82618365,1748476799999
1748476800000,0.010206,0.010556,0.010173,0.010281,556258.50876653,1748505599999
1748505600000,0.010325,0.010681,0.010269,0.010302,3694039.5823981,1748534399999
1748534400000,0.010279,0.010343,0.010031,0.010031,893686.99799098,1748563199999
1748563200000,0.010062,0.010068,0.0096498,0.009738,1071660.47702334,1748591999999
1748592000000,0.0096911,0.010037,0.0096071,0.0097821,2674905.35608834,1748620799999
1748620800000,0.0097977,0.010638,0.0094889,0.009997,6226575.90184657,1748649599999
1748649600000,0.00967,0.010219,0.009668,0.009683,2970970.524077,1748678399999
1748678400000,0.009622,0.01075,0.0091229,0.010016,8077784.52135191,1748707199999
1748707200000,0.0099995,0.010618,0.009537,0.009644,5597003.06764516,1748735999999
1748736000000,0.009647,0.00996,0.0095059,0.0098761,690349.4201034,1748764799999
1748764800000,0.009789,0.010037,0.0095297,0.009939,1481532.74114817,1748793599999
1748793600000,0.009941,0.009941,0.009675,0.0097879,219833.90004202,1748822399999
1748822400000,0.0096,0.0096,0.0094734,0.00957,692576.05582298,1748851199999
1748851200000,0.0096218,0.009775,0.00922,0.0095183,3764719.84012874,1748879999999
1748880000000,0.0094286,0.0096059,0.009304,0.009585,1473465.64996754,1748908799999
1748908800000,0.009601,0.009691,0.0095459,0.009684,408569.69441351,1748937599999
1748937600000,0.009586,0.009884,0.009586,0.00964,2498162.12045733,1748966399999
1748966400000,0.009665,0.009804,0.009503,0.009508,2222623.74092521,1748995199999
1748995200000,0.009468,0.0096964,0.0094448,0.0096964,1893815.96698145,1749023999999
1749024000000,0.0097692,0.0097945,0.0093711,0.009488,1504972.30060881,1749052799999
1749052800000,0.0094808,0.009666,0.0094,0.0094,879631.51229566,1749081599999
1749081600000,0.0093903,0.0094398,0.00922,0.0093308,638672.80505316,1749110399999
1749110400000,0.009281,0.0093499,0.00916,0.00928,1591521.57278351,1749139199999
1749139200000,0.009299,0.009299,0.008569,0.0088319,2550163.86769351,1749167999999
1749168000000,0.0086724,0.0089048,0.0086724,0.008768,801399.71408955,1749196799999
1749196800000,0.0088527,0.0090347,0.0087967,0.0089509,1113930.5782213,1749225599999
1749225600000,0.0089408,0.0089423,0.0087583,0.008772,498229.76065886,1749254399999
1749254400000,0.0087634,0.0088573,0.0087633,0.0088278,985240.29417824,1749283199999
1749283200000,0.0088301,0.0089199,0.008753,0.0089044,927000.71281845,1749311999999
1749312000000,0.0089086,0.0089086,0.0088378,0.0088533,284150.66726264,1749340799999
1749340800000,0.0089192,0.0090327,0.008898,0.0089515,579271.47831598,1749369599999
1749369600000,0.0088815,0.0091591,0.0088744,0.0091027,904158.50531348,1749398399999
1749398400000,0.0091283,0.0094016,0.0090331,0.0091,1573516.11308187,1749427199999
1749427200000,0.0090876,0.0091346,0.0088663,0.0089582,870137.36673039,1749455999999
1749456000000,0.0088704,0.0092122,0.0088704,0.0091776,467837.53825333,1749484799999
1749484800000,0.0092973,0.0094446,0.0092134,0.0094055,1536324.67126637,1749513599999
1749513600000,0.0093561,0.0095164,0.0092706,0.0093643,721118.10576322,1749542399999
1749542400000,0.009439,0.0096722,0.0093653,0.0094606,1080727.75899057,1749571199999
1749571200000,0.0095198,0.0095968,0.0093837,0.009535,217391.68297053,1749599999999
1749600000000,0.0095151,0.0095151,0.009388,0.00943,322798.05160714,1749628799999
1749628800000,0.0094165,0.0094696,0.00928,0.00928,125366.13270586,1749657599999
1749657600000,0.0093172,0.0094555,0.0091778,0.009207,227660.57699515,1749686399999
1749686400000,0.0092092,0.0093042,0.0088759,0.0089792,1412291.57207108,1749715199999
1749715200000,0.0088964,0.0099095,0.0087974,0.0091566,3032201.741851,1749743999999
1749744000000,0.0091118,0.010299,0.0090673,0.0098665,2.026279703329082E7,1749772799999
1749772800000,0.009758,0.009758,0.0083906,0.0089042,6868362.75503814,1749801599999
1749801600000,0.0087926,0.0089784,0.008678,0.0088888,810007.16447592,1749830399999
1749830400000,0.0089424,0.0089424,0.0086847,0.0088442,1017011.67997657,1749859199999
1749859200000,0.0087941,0.0089153,0.0087652,0.0089153,297982.22835514,1749887999999
1749888000000,0.0088636,0.0095311,0.0088501,0.0093264,2670797.1787058,1749916799999
1749916800000,0.0093343,0.0098794,0.0091872,0.0096878,1.843341101375666E7,1749945599999
1749945600000,0.0096351,0.0097651,0.009109,0.0097107,5568793.53968639,1749974399999
1749974400000,0.0096302,0.00971,0.0083523,0.0086534,1.402760501216495E7,1750003199999
1750003200000,0.0086809,0.00882,0.0085295,0.0087382,4845644.28059258,1750031999999
1750032000000,0.0087705,0.008822,0.0081187,0.0082189,5480013.12920054,1750060799999
1750060800000,0.0082811,0.0090314,0.008235,0.0083979,7023702.66965041,1750089599999
1750089600000,0.0084062,0.0084522,0.00825,0.0082573,2361732.46470004,1750118399999
1750118400000,0.0082869,0.0083781,0.0082364,0.0083375,1570034.01236352,1750147199999
1750147200000,0.0083996,0.0084,0.0082234,0.0083019,1709064.82277057,1750175999999
1750176000000,0.008273,0.008273,0.0081895,0.0082235,192068.69874822,1750204799999
1750204800000,0.00818,0.0082327,0.00816,0.00816,163088.8496348,1750233599999
1750233600000,0.0081917,0.01,0.0078,0.0082,4.077090018793551E7,1750262399999
1750262400000,0.0082003,0.0083662,0.0081536,0.0082706,6980873.13992297,1750291199999
1750291200000,0.0082239,0.0082834,0.0081007,0.008115,1424925.18813595,1750319999999
1750320000000,0.008115,0.0082711,0.0080898,0.0081725,2131030.14721589,1750348799999
1750348800000,0.0081531,0.0081755,0.0077127,0.0080714,3515227.44713307,1750377599999
1750377600000,0.0080004,0.008085,0.0078774,0.0080807,2197260.33777547,1750406399999
1750406400000,0.0081276,0.0082169,0.0080217,0.0081605,4163878.44414225,1750435199999
1750435200000,0.0081313,0.0081581,0.0076944,0.0077271,2726466.81944737,1750463999999
1750464000000,0.0077213,0.0078905,0.00761,0.0078362,1210190.66350802,1750492799999
1750492800000,0.0078001,0.0079108,0.0076917,0.0078609,1153862.75797653,1750521599999
1750521600000,0.0078376,0.0081539,0.0078154,0.0079013,3571647.72157623,1750550399999
1750550400000,0.0078943,0.0079502,0.0076,0.0077688,1154812.03091676,1750579199999
1750579200000,0.0077463,0.0079553,0.0075276,0.0075276,7023029.00835503,1750607999999
1750608000000,0.0076035,0.0076038,0.007083,0.0072448,4637541.5960339,1750636799999
1750636800000,0.0072333,0.0074524,0.0070624,0.0073715,5923755.56131665,1750665599999
1750665600000,0.0073443,0.0075118,0.0072643,0.0073705,2091567.86726124,1750694399999
1750694400000,0.0073484,0.0076555,0.0071866,0.0076095,2657541.19283026,1750723199999
1750723200000,0.0074747,0.00776,0.0074747,0.0077157,478094.15617173,1750751999999
1750752000000,0.0076885,0.0078207,0.0075364,0.0075559,915715.27502021,1750780799999
1750780800000,0.0075355,0.007542,0.0074023,0.0074023,1149741.00005876,1750809599999
1750809600000,0.0075364,0.0075392,0.0074945,0.0074945,90498.60857189,1750838399999
1750838400000,0.0074,0.0075456,0.0074,0.0074,1677364.43614865,1750867199999
1750867200000,0.0073683,0.00739,0.0073,0.00739,413798.94960198,1750895999999
1750896000000,0.0074144,0.0076364,0.007414,0.0075857,1952424.33256825,1750924799999
1750924800000,0.0074779,0.0074779,0.0073674,0.0073748,785732.69927909,1750953599999
1750953600000,0.0073893,0.0074981,0.007343,0.0074946,751837.53637167,1750982399999
1750982400000,0.007493,0.0075135,0.0074575,0.0074575,92055.06065418,1751011199999
1751011200000,0.0074645,0.0074997,0.0074596,0.0074997,34619.71692952,1751039999999
1751040000000,0.0074341,0.0075144,0.0073855,0.0074926,394944.17074492,1751068799999
1751068800000,0.0075099,0.008515,0.0075099,0.0081282,1.273433837452188E7,1751097599999
1751097600000,0.00808,0.0081541,0.0076949,0.0078075,4039398.39337554,1751126399999
1751126400000,0.0078112,0.0080595,0.0076673,0.0080073,1111327.8018034,1751155199999
1751155200000,0.0081759,0.0085,0.0078765,0.0078765,1468094.77775544,1751183999999
1751184000000,0.0078526,0.0079561,0.0076679,0.0078945,1770940.66164276,1751212799999
1751212800000,0.0077305,0.0079178,0.0076902,0.0079178,651350.75127143,1751241599999
1751241600000,0.0078959,0.0079485,0.0076163,0.0076876,1088821.29216758,1751270399999
1751270400000,0.0076866,0.0077475,0.0075,0.007517,887741.83375369,1751299199999
1751299200000,0.0074959,0.0075884,0.0074675,0.0075103,910492.17944353,1751327999999
1751328000000,0.0075501,0.0075501,0.0073614,0.0074895,272985.79973108,1751356799999
1751356800000,0.0074599,0.0074599,0.0073763,0.0074517,112880.49302627,1751385599999
1751385600000,0.0074704,0.0074704,0.007299,0.007299,209742.2580226,1751414399999
1751414400000,0.0072308,0.0073914,0.0072308,0.0073914,10851.82626189,1751443199999
1751443200000,0.0073846,0.0074454,0.0073505,0.0074368,465848.18844405,1751471999999
1751472000000,0.0075511,0.0075983,0.0074721,0.0074721,697684.5684439,1751500799999
1751500800000,0.0073745,0.0076372,0.007371,0.007635,210187.37133509,1751529599999
1751529600000,0.0076246,0.0076246,0.0074823,0.0074871,566453.44581188,1751558399999
1751558400000,0.0075243,0.0076007,0.0074619,0.0075937,395439.92456427,1751587199999
1751587200000,0.0076232,0.0077284,0.0075159,0.0075581,341192.27781458,1751615999999
1751616000000,0.0075015,0.0078695,0.0074558,0.0077825,3711798.27905778,1751644799999
1751644800000,0.0077571,0.0078825,0.0076328,0.0076328,4875574.08294372,1751673599999
1751673600000,0.007673,0.0076781,0.0074234,0.0075072,527220.41629843,1751702399999
1751702400000,0.0074966,0.0075413,0.0074308,0.007473,380917.61531286,1751731199999
1751731200000,0.0074896,0.0075106,0.0074151,0.0074151,568259.59307869,1751759999999
1751760000000,0.0073904,0.0073977,0.00735,0.0073977,215091.618328,1751788799999
1751788800000,0.0074018,0.0074611,0.0073972,0.0074351,318671.8231827,1751817599999
1751817600000,0.0074438,0.007508,0.0074064,0.0074448,1398896.15982355,1751846399999
1751846400000,0.0074246,0.007471,0.0071384,0.0071686,2731523.72871061,1751875199999
1751875200000,0.0072171,0.0072399,0.0071014,0.0071537,792614.7535505,1751903999999
1751904000000,0.0071287,0.0071709,0.0067957,0.0068481,1867490.75658236,1751932799999
1751932800000,0.00686,0.0070067,0.0068488,0.0069359,604688.99236559,1751961599999
1751961600000,0.0069398,0.0070438,0.00693,0.0069445,680936.96781655,1751990399999
1751990400000,0.0070073,0.0071145,0.0069489,0.0069879,351691.03100822,1752019199999
1752019200000,0.0069515,0.0070359,0.006884,0.0070037,128457.33118232,1752047999999
1752048000000,0.0069332,0.0070653,0.0069291,0.0069367,175301.84762837,1752076799999
1752076800000,0.0069411,0.0070314,0.0069173,0.0070255,356484.75685145,1752105599999
1752105600000,0.0069221,0.00717,0.0069221,0.0071409,1740087.38038501,1752134399999
1752134400000,0.0069733,0.0070301,0.006938,0.0069498,194415.20970342,1752163199999
1752163200000,0.0069572,0.0074026,0.0069353,0.0074026,849522.75348108,1752191999999
1752192000000,0.0072466,0.0076165,0.0072417,0.0074226,1771029.06173008,1752220799999
1752220800000,0.0075301,0.0075837,0.00717,0.0074125,2900948.17057371,1752249599999
1752249600000,0.0073557,0.0078555,0.0073077,0.0073688,2922326.69370358,1752278399999
1752278400000,0.0073317,0.0074112,0.0071034,0.0073106,847884.05158845,1752307199999
1752307200000,0.0072804,0.0072804,0.0070929,0.0070929,1968766.10126462,1752335999999
1752336000000,0.0071349,0.0072772,0.007122,0.0072222,688980.40700687,1752364799999
1752364800000,0.0073215,0.0073215,0.0073215,0.0073215,1310.92035675,1752393599999
1752393600000,0.0073073,0.0075255,0.0073073,0.0073669,417818.11243525,1752422399999
1752422400000,0.0073391,0.0074175,0.0072887,0.0073332,512963.50275919,1752451199999
1752451200000,0.0073491,0.0074717,0.0073482,0.0074258,105562.7098924,1752479999999
1752480000000,0.0073384,0.007513,0.0072159,0.0072755,1849875.97395287,1752508799999
1752508800000,0.0072525,0.0073382,0.0072158,0.0072375,1119608.94176014,1752537599999
1752537600000,0.0072319,0.007245,0.00714,0.0071568,108626.6410999,1752566399999
1752566400000,0.0071124,0.0072355,0.0071007,0.0071721,99301.07700041,1752595199999
1752595200000,0.0072288,0.0073087,0.007228,0.0072906,219692.82269041,1752623999999
1752624000000,0.0073482,0.0073723,0.0073176,0.0073685,203907.35204841,1752652799999
1752652800000,0.0073552,0.0074073,0.0072818,0.0072818,309402.48095754,1752681599999
1752681600000,0.0073219,0.0074779,0.0073219,0.0073967,182075.82928333,1752710399999
1752710400000,0.007323,0.0074884,0.0072664,0.0074884,660020.97080476,1752739199999
1752739200000,0.0074329,0.0075858,0.0073532,0.0074327,1340167.72760893,1752767999999
1752768000000,0.007478,0.00748,0.0073979,0.007439,363694.2937356,1752796799999
1752796800000,0.0074179,0.0075906,0.0071937,0.0074409,696758.06238161,1752825599999
1752825600000,0.0074848,0.0087505,0.0074549,0.0079615,1.659794902146352E7,1752854399999
1752854400000,0.0078561,0.0079398,0.007339,0.007488,3451593.6327825,1752883199999
1752883200000,0.0074662,0.0076163,0.0074569,0.0074569,834513.14605549,1752911999999
1752912000000,0.0074781,0.0076409,0.0074571,0.0075221,1404848.78763835,1752940799999
1752940800000,0.0075221,0.0075727,0.0074198,0.0075526,1691064.67043451,1752969599999
1752969600000,0.0076064,0.0077496,0.00757,0.0075797,868876.62169564,1752998399999
1752998400000,0.0076795,0.0078668,0.0076651,0.0078285,905178.32208599,1753027199999
1753027200000,0.0078518,0.0079687,0.0077306,0.007731,790574.46276351,1753055999999
1753056000000,0.0076099,0.0078544,0.0075964,0.0078118,421120.12161434,1753084799999
1753084800000,0.0078083,0.0080138,0.0077839,0.0079601,1088530.26733966,1753113599999
1753113600000,0.0078699,0.0079737,0.0077424,0.0078385,596620.75744642,1753142399999
1753142400000,0.0078415,0.0078459,0.0076077,0.007719,1051647.89016155,1753171199999
1753171200000,0.007702,0.007794,0.0076766,0.0077611,280562.76376519,1753199999999
1753200000000,0.0077125,0.0077804,0.007711,0.0077804,341653.65022981,1753228799999
1753228800000,0.0077801,0.0081,0.007776,0.007996,700983.52849695,1753257599999
1753257600000,0.0081263,0.0082553,0.0078022,0.0081933,5022742.82489968,1753286399999
1753286400000,0.0081204,0.0097839,0.0079455,0.0082258,3.294217698549386E7,1753315199999
1753315200000,0.0081795,0.008888,0.0074302,0.0075903,1.345184026795937E7,1753343999999
1753344000000,0.0076489,0.007736,0.0073768,0.0073768,6150305.57517502,1753372799999
1753372800000,0.00738,0.0075454,0.007005,0.0071526,5922210.92835185,1753401599999
1753401600000,0.0071748,0.0072926,0.0069305,0.006999,1959174.37836635,1753430399999
1753430400000,0.0070856,0.0072669,0.007025,0.007025,1967795.63120785,1753459199999
1753459200000,0.0070902,0.0073819,0.0070294,0.0073453,2079055.19476211,1753487999999
1753488000000,0.0073149,0.0074537,0.007234,0.0073749,178492.69230269,1753516799999
1753516800000,0.0073624,0.0075054,0.007286,0.0073519,1093991.07298015,1753545599999
1753545600000,0.0073484,0.00741,0.0072559,0.0073603,710156.74510062,1753574399999
1753574400000,0.0073001,0.007573,0.0073001,0.0074229,4187570.43283977,1753603199999
1753603200000,0.0074632,0.0076155,0.0074049,0.0074049,397177.02230419,1753631999999
1753632000000,0.0075245,0.007872,0.0075245,0.0076085,3187582.74976543,1753660799999
1753660800000,0.0075782,0.0078049,0.0074415,0.0077903,2938285.89216738,1753689599999
1753689600000,0.0077689,0.0078769,0.0076856,0.0078513,663018.20650258,1753718399999
1753718400000,0.0079,0.0081657,0.0073773,0.0075015,1.156458880344627E7,1753747199999
1753747200000,0.0073676,0.0077146,0.0073308,0.0077146,2299469.57175027,1753775999999
1753776000000,0.0075928,0.0076593,0.0073751,0.0076144,3465088.25388018,1753804799999
1753804800000,0.0075537,0.0076536,0.0074307,0.0075228,511494.65979734,1753833599999
1753833600000,0.0074094,0.0075739,0.0073553,0.0074438,389883.43713194,1753862399999
1753862400000,0.0073961,0.0075239,0.0072817,0.0073713,696970.85357249,1753891199999
1753891200000,0.0074755,0.0074755,0.007283,0.007395,169592.47888265,1753919999999
1753920000000,0.0074163,0.007544,0.0073974,0.00748,415845.96986909,1753948799999
1753948800000,0.0075308,0.0076545,0.0072415,0.0072508,578605.62518148,1753977599999
1753977600000,0.0072839,0.007386,0.0070741,0.0070971,1097446.54654393,1754006399999
1754006400000,0.0071002,0.0071362,0.0069707,0.0070739,505205.21388923,1754035199999
1754035200000,0.0070038,0.0070505,0.006789,0.0069219,2639862.72148365,1754063999999
1754064000000,0.0069196,0.0069749,0.0066217,0.0067227,831518.22076913,1754092799999
1754092800000,0.0068204,0.0070325,0.0067143,0.0068326,2093260.63042775,1754121599999
1754121600000,0.0067003,0.0067293,0.0066081,0.0066203,451721.18976843,1754150399999
1754150400000,0.0066113,0.0066113,0.0063946,0.0064177,733022.39652733,1754179199999
1754179200000,0.0064572,0.0066192,0.0064143,0.0065394,1084307.18976506,1754207999999
1754208000000,0.0065979,0.0067035,0.0065375,0.0066331,1009015.72202683,1754236799999
1754236800000,0.0066541,0.0066541,0.0066366,0.0066366,466558.51925203,1754265599999
1754265600000,0.0066265,0.0067545,0.0066265,0.0067037,145622.41037466,1754294399999
1754294400000,0.006726,0.0069538,0.0066531,0.0069409,1277517.38110308,1754323199999
1754323200000,0.0069847,0.0071271,0.0068182,0.0068814,1040516.23744039,1754351999999
1754352000000,0.0068602,0.0070882,0.0067271,0.0067271,938591.95130403,1754380799999
1754380800000,0.0067787,0.0068247,0.0065882,0.0065882,484455.83058171,1754409599999
1754409600000,0.0066181,0.0066448,0.0064933,0.0065052,298200.19276701,1754438399999
1754438400000,0.0066511,0.0067378,0.0064938,0.0067121,647968.22523359,1754467199999
1754467200000,0.0066725,0.0067247,0.0066137,0.0067203,735401.6082395,1754495999999
1754496000000,0.006722,0.0067527,0.006722,0.0067527,45272.12184744,1754524799999
1754524800000,0.0066464,0.0066464,0.0064398,0.0065103,451419.12302368,1754553599999
1754553600000,0.0065098,0.006817,0.0064912,0.0068038,1393693.01703547,1754582399999
1754582400000,0.0067592,0.0067892,0.0066722,0.0067443,160657.62182988,1754611199999
1754611200000,0.006814,0.006814,0.0066741,0.0067886,485778.25607669,1754639999999
1754640000000,0.006758,0.0068299,0.0066814,0.0068174,796881.16508238,1754668799999
1754668800000,0.0068,0.007007,0.0067584,0.0068208,1484139.04402011,1754697599999
1754697600000,0.0068071,0.0069433,0.0068071,0.0069412,313836.25264138,1754726399999
1754726400000,0.0069611,0.0070554,0.0069074,0.0070554,283378.87429983,1754755199999
1754755200000,0.0070755,0.0070789,0.0069568,0.0069568,2287376.11710498,1754783999999
1754784000000,0.0070592,0.0070787,0.0069511,0.0069511,169612.12087148,1754812799999
1754812800000,0.0069036,0.0071828,0.0067841,0.0069972,5276727.18577855,1754841599999
1754841600000,0.0069767,0.0070855,0.0067451,0.0069966,1416227.70383057,1754870399999
1754870400000,0.0070132,0.007122,0.0070132,0.0070465,858591.50197081,1754899199999
1754899200000,0.0070039,0.0071889,0.0069232,0.0069499,1175915.13183209,1754927999999
1754928000000,0.006953,0.006989,0.0066742,0.006722,1729874.36955554,1754956799999
1754956800000,0.0067485,0.0068145,0.0067485,0.0067947,356299.29612933,1754985599999
1754985600000,0.0067478,0.0069011,0.0066556,0.0069011,1985736.34802202,1755014399999
1755014400000,0.0069011,0.0069709,0.0068,0.0068916,976965.67850445,1755043199999
1755043200000,0.0069463,0.0069463,0.0067736,0.0068455,932633.17902106,1755071999999
1755072000000,0.0068569,0.0072783,0.0068373,0.0070612,2428455.78774674,1755100799999
1755100800000,0.0070947,0.0072568,0.0070273,0.0071776,1794611.38949186,1755129599999
1755129600000,0.0071887,0.0076584,0.0069927,0.007228,2134385.45494228,1755158399999
1755158400000,0.0071685,0.00722,0.0068444,0.0069218,4634729.4007612,1755187199999
1755187200000,0.0068054,0.0068465,0.0067126,0.0067537,528207.94913495,1755215999999
1755216000000,0.0068751,0.0069179,0.0068349,0.0068382,204351.70566639,1755244799999
1755244800000,0.0068532,0.0068532,0.0066137,0.0066137,438231.74087112,1755273599999
1755273600000,0.0065512,0.0066189,0.0064516,0.0065493,960361.17186874,1755302399999
1755331200000,0.0065862,0.0065862,0.0064999,0.0065463,67121.50269376,1755359999999
1755360000000,0.0066046,0.0066667,0.0066,0.0066081,473712.60689225,1755388799999
1755388800000,0.0066728,0.0067284,0.0065832,0.0065832,202651.57253852,1755417599999
1755417600000,0.0066359,0.0068242,0.0066359,0.0067979,538613.42396492,1755446399999
1755446400000,0.0067966,0.0067966,0.0066468,0.0066469,15791.36963235,1755475199999
1755475200000,0.0065438,0.0065438,0.00627,0.00627,892931.21156907,1755503999999
1755504000000,0.0062211,0.0063536,0.0062211,0.0062912,204172.08305415,1755532799999
1755532800000,0.0063152,0.00638,0.0062981,0.00638,390279.93008928,1755561599999
1755561600000,0.0063251,0.0063251,0.0062113,0.006228,413986.6046327,1755590399999
1755590400000,0.0062049,0.006256,0.0061397,0.0061601,161096.86831269,1755619199999
1755619200000,0.0061627,0.0062228,0.0060828,0.0061373,884739.97094704,1755647999999
1755648000000,0.0062025,0.0062045,0.0061998,0.0061998,72050.60646763,1755676799999
1755676800000,0.0061842,0.0063371,0.0060809,0.0062533,487609.31361842,1755705599999
1755705600000,0.006305,0.0063114,0.0062593,0.0062919,107642.28273649,1755734399999
1755734400000,0.0062633,0.0062633,0.0062633,0.0062633,28954.89705,1755763199999
1755763200000,0.0062454,0.0062454,0.0061068,0.0061367,142164.98494834,1755791999999
1755792000000,0.0060812,0.0060813,0.00602,0.0060489,896661.93529408,1755820799999
1755820800000,0.0060557,0.0062475,0.0060557,0.0062475,76714.45484648,1755849599999
1755849600000,0.0061964,0.0062849,0.0059567,0.0062849,2326009.96784989,1755878399999
1755878400000,0.0062886,0.0065838,0.0062163,0.0064421,5825451.08977183,1755907199999
1755907200000,0.0063548,0.0063958,0.0063548,0.0063958,21268.06823188,1755935999999
1755936000000,0.0063612,0.0065029,0.0063612,0.0064601,317384.20847565,1755964799999
1755964800000,0.0064884,0.0068384,0.0064238,0.0064238,8012544.02375751,1755993599999
1755993600000,0.0064388,0.0066991,0.0063781,0.0064392,1490261.9625924,1756022399999
1756022400000,0.0063838,0.006675,0.0062331,0.0064813,3349536.82628225,1756051199999
1756051200000,0.0064617,0.0067903,0.0063966,0.0066059,1.059330998807276E7,1756079999999
1756080000000,0.0065581,0.00666,0.0064096,0.0064096,455849.29753396,1756108799999
1756108800000,0.006402,0.0066855,0.0063619,0.0064918,1606953.74204226,1756137599999
1756137600000,0.0065951,0.0065951,0.0060131,0.0060551,1471737.1605239,1756166399999
1756166400000,0.0060679,0.0062103,0.0060679,0.0062103,466449.06049825,1756195199999
1756195200000,0.0061766,0.0062357,0.0061266,0.0062273,811481.95841715,1756223999999
1756224000000,0.0062492,0.0063301,0.006239,0.0062672,421225.47018558,1756252799999
1756252800000,0.0062746,0.0062746,0.0061509,0.0062035,414443.54849847,1756281599999
1756281600000,0.0061498,0.0062715,0.0060301,0.0061312,905871.90913787,1756310399999
1756310400000,0.0061189,0.0062148,0.0060955,0.0060955,429910.69868996,1756339199999
1756339200000,0.006157,0.0062313,0.0060387,0.0061845,1972205.19479398,1756367999999
1756368000000,0.0061812,0.0062479,0.0061002,0.0061807,256094.09566097,1756396799999
1756396800000,0.0061754,0.00622,0.0060376,0.0061343,1896885.18023969,1756425599999
1756425600000,0.0061915,0.0062011,0.0059701,0.0060169,1265072.66360891,1756454399999
1756454400000,0.0060072,0.0060785,0.005789,0.005855,1797414.32841569,1756483199999
1756483200000,0.00585,0.00585,0.0056488,0.0057014,340982.42332815,1756511999999
1756512000000,0.0057453,0.005828,0.0057453,0.005828,154382.20176492,1756540799999
1756540800000,0.0059127,0.0059127,0.0058205,0.0058206,49941.53124222,1756569599999
1756569600000,0.0057953,0.0058001,0.0057615,0.00579,27361.81785731,1756598399999
1756598400000,0.0059173,0.0059409,0.00579,0.00579,336898.72051317,1756627199999
1756627200000,0.005767,0.0057967,0.005767,0.00577,28058.01043196,1756655999999
1756656000000,0.0057251,0.0057982,0.0057251,0.0057982,29719.3576965,1756684799999
1756684800000,0.0057,0.0057637,0.0057,0.0057637,92084.61663987,1756713599999
1756713600000,0.0057914,0.0058614,0.00566,0.0058063,474090.33432348,1756742399999
1756742400000,0.0058318,0.0058474,0.0053184,0.0053927,1894535.4382729,1756771199999
1756771200000,0.0054213,0.0055799,0.0053442,0.0053547,2314781.21554802,1756799999999
1756800000000,0.0053437,0.0054562,0.0053201,0.0054419,2427493.45782377,1756828799999
1756828800000,0.0054442,0.0054937,0.0053,0.0053644,1838571.59467591,1756857599999
1756857600000,0.0054119,0.0054802,0.0054047,0.0054802,495831.28667481,1756886399999
1756886400000,0.0054866,0.00552,0.0054444,0.00552,266324.92810456,1756915199999
1756915200000,0.0055265,0.0055505,0.0054758,0.0054758,164980.03800136,1756943999999
1756944000000,0.0054414,0.0054414,0.0053647,0.0053661,490820.31896793,1756972799999
1756972800000,0.0053673,0.0053833,0.0053446,0.00535,858412.93318137,1757001599999
1757001600000,0.0053562,0.0063821,0.0053379,0.00578,5.3751385776646E7,1757030399999
1757030400000,0.0057358,0.0059001,0.0055566,0.00564,3355015.0261656,1757059199999
1757059200000,0.0056192,0.0057404,0.0054809,0.0054996,3476990.13140819,1757087999999
1757088000000,0.0054917,0.0055003,0.0052823,0.0053716,4820305.34339558,1757116799999
1757116800000,0.0053395,0.0055657,0.0053394,0.005552,941309.40436017,1757145599999
1757145600000,0.0055154,0.0055445,0.0053771,0.0053798,1830263.11077512,1757174399999
1757174400000,0.0054219,0.0054597,0.0053722,0.0054597,929097.9069512,1757203199999
1757203200000,0.0054593,0.0055347,0.0053715,0.0053715,580130.20268305,1757231999999
1757232000000,0.0053721,0.0054195,0.0053511,0.0053825,1844514.80605858,1757260799999
1757260800000,0.0053606,0.0054033,0.005309,0.0054033,587707.83277975,1757289599999
1757289600000,0.0053779,0.0055382,0.0053779,0.0054076,1188965.31117399,1757318399999
1757318400000,0.0054199,0.0056091,0.0054071,0.0056091,765028.68800574,1757347199999
1757347200000,0.0056303,0.0056303,0.0055233,0.005559,217101.97138729,1757375999999
1757376000000,0.0054888,0.00583,0.0054888,0.0057129,897099.60112178,1757404799999
1757404800000,0.0057199,0.00583,0.0056366,0.0056366,708846.83238028,1757433599999
1757433600000,0.0055111,0.0055813,0.0055111,0.0055439,65418.33940354,1757462399999
1757462400000,0.0056891,0.0057005,0.0056891,0.0057005,50744.66785067,1757491199999
1757491200000,0.00568,0.00584,0.0056494,0.0058059,2748794.20849448,1757519999999
1757520000000,0.0057663,0.0065,0.0057663,0.0062381,2.853170618192517E7,1757548799999
1757548800000,0.0062432,0.0085743,0.0061836,0.0068521,1.0143489027772638E8,1757577599999
1757577600000,0.006804,0.01,0.0066772,0.0076863,4.3079626251192886E8,1757606399999
1757606400000,0.0076404,0.0089056,0.0074667,0.0089015,1.5863603233108047E8,1757635199999
1757635200000,0.0089316,0.0095,0.0075,0.0077379,1.0760226498601472E8,1757663999999
1757664000000,0.0077312,0.0083003,0.00755,0.0078014,5.895127117766617E7,1757692799999
1757692800000,0.0077975,0.009,0.0073639,0.0087303,6.342148777925241E7,1757721599999
1757721600000,0.0086472,0.011362,0.00801,0.011239,1.3461120323823002E8,1757750399999
1757750400000,0.011339,0.017,0.011097,0.014633,4.542653500378173E8,1757779199999
1757779200000,0.0148,0.0235,0.014215,0.019889,5.149091792328268E8,1757807999999
1757808000000,0.019691,0.020721,0.015397,0.016515,1.0764385022196063E8,1757836799999
1757836800000,0.016597,0.0185,0.015943,0.016767,1.2669507701011403E8,1757865599999
1757865600000,0.0168,0.018459,0.014702,0.017256,6.836849255009192E7,1757894399999
1757894400000,0.01732,0.018533,0.015976,0.016525,4.178650208256922E7,1757923199999
1757923200000,0.016457,0.01684,0.012673,0.014229,6.819068039556342E7,1757951999999
1757952000000,0.014245,0.014714,0.011378,0.011584,2.649684094206943E7,1757980799999
1757980800000,0.011589,0.012623,0.011046,0.01182,2.332742515826876E7,1758009599999
1758009600000,0.011745,0.017051,0.011745,0.014988,9.612687343621711E7,1758038399999
1758038400000,0.014998,0.016872,0.01326,0.016014,6.40525174450717E7,1758067199999
1758067200000,0.016005,0.01763,0.015045,0.016041,6.395065457342862E7,1758095999999
1758096000000,0.016058,0.0164,0.01545,0.01555,3.589464342606332E7,1758124799999
1758124800000,0.0155,0.01628,0.015141,0.015783,2.453127370118281E7,1758153599999
1758153600000,0.015789,0.016044,0.015327,0.015413,9105399.08613269,1758182399999
1758182400000,0.015416,0.016423,0.014719,0.016256,1.257333697259168E7,1758211199999
1758211200000,0.01618,0.016546,0.015053,0.016229,1.592294896065658E7,1758239999999
1758240000000,0.016359,0.016644,0.015219,0.015451,5492082.2871025,1758268799999
1758268800000,0.015489,0.01613,0.015064,0.01572,9025106.98727171,1758297599999
1758297600000,0.015717,0.015891,0.015125,0.015243,3583798.81681714,1758326399999
1758326400000,0.015529,0.015529,0.01425,0.014888,2874864.62742587,1758355199999
1758355200000,0.014857,0.014967,0.014278,0.014342,1.806181993285704E7,1758383999999
1758384000000,0.014387,0.014446,0.013564,0.013752,8195399.78851796,1758412799999
1758412800000,0.013719,0.014673,0.013565,0.014232,2.022106274608531E7,1758441599999
1758441600000,0.014191,0.018499,0.01409,0.015211,1.2595273011658424E8,1758470399999
1758470400000,0.015319,0.015912,0.014825,0.01537,2.201838270652867E7,1758499199999
1758499200000,0.015221,0.01534,0.013164,0.013828,1.443067673149763E7,1758527999999
1758528000000,0.013845,0.014723,0.012885,0.013184,1.905630520035927E7,1758556799999
1758556800000,0.013171,0.013253,0.0125,0.012762,9995935.28543238,1758585599999
1758585600000,0.012735,0.013048,0.011758,0.0128,7288857.71457536,1758614399999
1758614400000,0.01274,0.013059,0.01214,0.012289,8690485.21541452,1758643199999
1758643200000,0.012319,0.012395,0.011427,0.011738,4417738.21017661,1758671999999
1758672000000,0.011718,0.0126,0.011647,0.012382,2077645.52790426,1758700799999
1758700800000,0.012373,0.012807,0.011911,0.011911,3813094.33053901,1758729599999
1758729600000,0.011898,0.011986,0.011556,0.011986,2245951.13442828,1758758399999
1758758400000,0.011849,0.013932,0.011822,0.013099,1.87693840954442E7,1758787199999
1758787200000,0.013062,0.013273,0.011876,0.012278,1.245391401254326E7,1758815999999
1758816000000,0.012237,0.012282,0.010927,0.011073,5852664.83485729,1758844799999
1758844800000,0.011155,0.011418,0.010825,0.011003,3938149.8249891,1758873599999
1758873600000,0.011114,0.011227,0.01068,0.010731,3774853.82092177,1758902399999
1758902400000,0.010828,0.011376,0.010828,0.011283,1.002862370369066E7,1758931199999
1758931200000,0.011341,0.011622,0.010771,0.011435,4880916.37717246,1758959999999
1758960000000,0.01143,0.012091,0.010889,0.011561,1.07505813990485E7,1758988799999
1758988800000,0.011476,0.011486,0.011042,0.01117,2083696.31880396,1759017599999
1759017600000,0.011276,0.011276,0.01074,0.010815,2488338.17445919,1759046399999
1759046400000,0.010818,0.010861,0.010335,0.010559,5020637.27624771,1759075199999
1759075200000,0.010552,0.010886,0.010438,0.010845,2178405.99350275,1759103999999
1759104000000,0.010798,0.011079,0.010342,0.010982,3191759.10429031,1759132799999
1759132800000,0.010988,0.011783,0.010718,0.011217,1.428022537286175E7,1759161599999
1759161600000,0.011022,0.011461,0.010913,0.011178,3680123.59089918,1759190399999
1759190400000,0.011094,0.011134,0.010335,0.010458,3991330.03993586,1759219199999
1759219200000,0.010515,0.010541,0.0091,0.009213,1.557015792366419E7,1759247999999
1759248000000,0.009261,0.009475,0.008995,0.009238,1.283944999824188E7,1759276799999
1759276800000,0.009253,0.010437,0.009253,0.010327,7815594.99661695,1759305599999
1759305600000,0.010294,0.01036,0.009821,0.010102,6831549.83407781,1759334399999
1759334400000,0.010049,0.010247,0.009941,0.010195,4889448.48749217,1759363199999
1759363200000,0.010278,0.010593,0.009928,0.010339,4074272.38828775,1759391999999
1759392000000,0.010311,0.014,0.01029,0.01299,8.890495168504438E7,1759420799999
1759420800000,0.013006,0.013006,0.011225,0.011676,3.184910924105571E7,1759449599999
1759449600000,0.011667,0.011686,0.011084,0.01162,8672996.0895559,1759478399999
1759478400000,0.011616,0.011777,0.010561,0.010846,1.572948476465196E7,1759507199999
1759507200000,0.01087,0.011178,0.0104,0.010729,9949620.52189891,1759535999999
1759536000000,0.010717,0.010825,0.010542,0.010732,2326971.90129343,1759564799999
1759564800000,0.01074,0.010772,0.010256,0.010304,1.141857585354796E7,1759593599999
1759593600000,0.010305,0.010559,0.010137,0.010505,1352563.37065449,1759622399999
1759622400000,0.010398,0.010722,0.010295,0.010695,671737.09949221,1759651199999
1759651200000,0.010662,0.011203,0.010317,0.010601,7047944.30277745,1759679999999
1759680000000,0.010573,0.010773,0.0104,0.010773,2851817.77627327,1759708799999
1759708800000,0.01078,0.010816,0.010137,0.010248,1776691.95987334,1759737599999
1759737600000,0.010261,0.010398,0.010095,0.010327,4074593.79689572,1759766399999
1759766400000,0.010338,0.010604,0.010253,0.010332,2643640.65037799,1759795199999
1759795200000,0.010482,0.010521,0.010143,0.010143,1142209.24491176,1759823999999
1759824000000,0.010165,0.010252,0.009555,0.009892,1820259.96563166,1759852799999
1759852800000,0.0096,0.010022,0.009386,0.009601,4068889.03738166,1759881599999
1759881600000,0.009558,0.009558,0.009105,0.009511,6976733.0091195,1759910399999
1759910400000,0.00951,0.010169,0.009238,0.009945,2291159.51292753,1759939199999
1759939200000,0.0099,0.010026,0.009376,0.009829,828480.84518615,1759967999999
1759968000000,0.009838,0.010005,0.00935,0.009376,4156733.29874391,1759996799999
1759996800000,0.00937,0.009796,0.00911,0.009398,2529726.7572687,1760025599999
1760025600000,0.009354,0.009657,0.009279,0.009412,1359862.81132916,1760054399999
1760054400000,0.009544,0.009809,0.00916,0.009274,781506.90304232,1760083199999
1760083200000,0.009258,0.0095,0.008883,0.00896,5294359.07039774,1760111999999
1760112000000,0.008929,0.010134,0.0064,0.006789,8002818.26492008,1760140799999
1760140800000,0.007536,0.00756,0.006789,0.007095,1.101413414713791E7,1760169599999
1760169600000,0.007114,0.007487,0.007004,0.007139,3926405.07399193,1760198399999
1760198400000,0.007088,0.007292,0.006596,0.006838,2781157.14318216,1760227199999
1760227200000,0.006805,0.007071,0.006663,0.006873,960743.71020843,1760255999999
1760256000000,0.006897,0.007326,0.006589,0.007326,2469677.19683075,1760284799999
1760284800000,0.0072,0.009584,0.007168,0.00816,1.661047046476677E7,1760313599999
1760313600000,0.007917,0.0088,0.00787,0.008154,7643831.87403893,1760342399999
1760342400000,0.008154,0.008608,0.0079,0.008154,1.013346578693325E7,1760371199999
1760371200000,0.008179,0.00869,0.008025,0.008535,9352648.78749067,1760399999999
1760400000000,0.008653,0.008977,0.007586,0.007604,7851190.62315112,1760428799999
1760428800000,0.007722,0.008214,0.007573,0.008064,2115005.47909343,1760457599999
1760457600000,0.008036,0.008236,0.007829,0.008057,1994321.99075252,1760486399999
1760486400000,0.008055,0.0082,0.007811,0.007948,1268479.73672669,1760515199999
1760515200000,0.008036,0.008441,0.007613,0.007933,2355590.64569824,1760543999999
1760544000000,0.007958,0.008131,0.007866,0.007913,4818244.43383821,1760572799999
1760572800000,0.007893,0.008023,0.00766,0.00766,2485570.33825487,1760601599999
1760601600000,0.007677,0.008608,0.007582,0.007922,1.393576192191173E7,1760630399999
1760630400000,0.007888,0.008179,0.007675,0.007886,4710263.22304648,1760659199999
1760659200000,0.007923,0.008571,0.0077,0.0077,6960517.35883318,1760687999999
1760688000000,0.007734,0.0092,0.007476,0.008531,1.709917075940871E7,1760716799999
1760716800000,0.008502,0.008932,0.007959,0.0084,1.355537995607574E7,1760745599999
1760745600000,0.008342,0.008795,0.008202,0.008482,1.022142212949838E7,1760774399999
1760774400000,0.0085,0.008749,0.008386,0.008418,7499645.28108413,1760803199999
1760803200000,0.008444,0.008444,0.008125,0.008228,4233025.72463376,1760831999999
1760832000000,0.008192,0.008373,0.008169,0.008373,43980.02336408,1760860799999
1760860800000,0.008347,0.008464,0.008185,0.008422,2039774.41705208,1760889599999
1760889600000,0.008288,0.008425,0.008268,0.008296,349849.80052206,1760918399999
1760918400000,0.008257,0.008443,0.008257,0.008392,50886.37166975,1760947199999
1760947200000,0.00833,0.008438,0.008121,0.008233,1163657.20667822,1760975999999
1760976000000,0.008096,0.008286,0.007727,0.007951,4679556.84908555,1761004799999
1761004800000,0.007949,0.021,0.007729,0.013069,1.0602667217477702E8,1761033599999
1761033600000,0.012905,0.015,0.010071,0.010663,9.16234210922078E7,1761062399999
1761062400000,0.01071,0.011191,0.009695,0.009753,4.910445142187791E7,1761091199999
1761091200000,0.009688,0.0117,0.00956,0.010241,4.561750556426583E7,1761119999999
1761120000000,0.010271,0.011838,0.010187,0.0106,4.341959884999232E7,1761148799999
1761148800000,0.010602,0.012176,0.010364,0.011755,2.360738350512447E7,1761177599999
1761177600000,0.011836,0.013369,0.010893,0.012779,3.54277200751759E7,1761206399999
1761206400000,0.012735,0.013677,0.012014,0.012547,3.202819035971344E7,1761235199999
1761235200000,0.012505,0.013616,0.012347,0.013064,1.076595652915468E7,1761263999999
1761264000000,0.013255,0.019574,0.013255,0.018143,6.699973785793161E7,1761292799999
1761292800000,0.018183,0.024028,0.017848,0.020135,1.1455765586847317E8,1761321599999
1761321600000,0.020099,0.020823,0.019373,0.019761,4.477652081545191E7,1761350399999
1761350400000,0.019886,0.030328,0.0193,0.022444,1.069596295389591E8,1761379199999
1761379200000,0.02242,0.022428,0.019556,0.019908,5.045321516498436E7,1761407999999
1761408000000,0.019851,0.019851,0.01798,0.018978,2.487218734029042E7,1761436799999
1761436800000,0.018977,0.0214,0.018349,0.018987,2.256123581364562E7,1761465599999
1761465600000,0.019044,0.01918,0.017381,0.01787,2.948826084469267E7,1761494399999
1761494400000,0.017819,0.019272,0.017528,0.018585,1.914495799474974E7,1761523199999
1761523200000,0.018838,0.019508,0.016654,0.016816,1.75363157625175E7,1761551999999
1761552000000,0.0168,0.017,0.01614,0.016268,1.619187888876001E7,1761580799999
1761580800000,0.016337,0.016583,0.01579,0.016331,1.203401045504809E7,1761609599999
1761609600000,0.0161,0.016207,0.0143,0.014328,1.749960236031252E7,1761638399999
1761638400000,0.014477,0.0147,0.013755,0.013819,1.268205103887568E7,1761667199999
1761667200000,0.013867,0.014,0.013504,0.013852,8421206.67270954,1761695999999
1761696000000,0.013814,0.015,0.0133,0.013414,1.641419954424503E7,1761724799999
1761724800000,0.013384,0.013448,0.01286,0.01297,6377173.73056914,1761753599999
1761753600000,0.012934,0.013614,0.012934,0.013536,4146445.99887605,1761782399999
1761782400000,0.013395,0.014058,0.0129,0.013468,9189950.4621296,1761811199999
1761811200000,0.013456,0.0136,0.012058,0.012306,8694087.37316689,1761839999999
1761840000000,0.0122,0.012226,0.011753,0.0121,3273855.38316442,1761868799999
1761868800000,0.012093,0.012093,0.011627,0.01168,3421364.84827108,1761897599999
1761897600000,0.011797,0.012455,0.011619,0.012254,5142392.21086802,1761926399999
1761926400000,0.012284,0.01321,0.01185,0.01321,1.475890709846205E7,1761955199999
1761955200000,0.013232,0.013232,0.012474,0.01275,5725989.95182687,1761983999999
1761984000000,0.012708,0.013986,0.0125,0.012981,2.369715911671992E7,1762012799999
1762012800000,0.013004,0.013104,0.012534,0.012902,1.1658371543839E7,1762041599999
1762041600000,0.012795,0.012795,0.01202,0.012158,2940209.67948666,1762070399999
1762070400000,0.01223,0.012343,0.011756,0.01193,8607072.19112683,1762099199999
1762099200000,0.011891,0.01206,0.01182,0.011942,3114822.54585443,1762127999999
1762128000000,0.011817,0.011817,0.010533,0.010648,2745691.20927022,1762156799999
1762156800000,0.010665,0.010896,0.009874,0.010126,5498780.10084242,1762185599999
1762185600000,0.010153,0.01033,0.0096,0.00992,6524040.25964847,1762214399999
1762214400000,0.009894,0.010181,0.009362,0.009558,4721854.76881166,1762243199999
1762243200000,0.009597,0.011771,0.00959,0.01065,2.79304524257475E7,1762271999999
1762272000000,0.010667,0.011003,0.009757,0.010245,2.480783666388247E7,1762300799999
1762300800000,0.010192,0.011045,0.0095,0.010161,7100087.12531439,1762329599999
1762329600000,0.010114,0.010255,0.009863,0.010148,6363120.93559643,1762358399999
1762358400000,0.010042,0.010312,0.009819,0.010106,6381707.51410036,1762387199999
1762387200000,0.010097,0.010798,0.009378,0.009402,1.78581360182261E7,1762415999999
1762416000000,0.009409,0.009742,0.009247,0.00935,1.237912198854234E7,1762444799999
1762444800000,0.009376,0.00961,0.00915,0.009441,4666159.52214632,1762473599999
1762473600000,0.009502,0.009727,0.009265,0.009727,2666751.32795557,1762502399999
1762502400000,0.009713,0.009856,0.009199,0.009798,4957393.51918557,1762531199999
1762531200000,0.009833,0.010579,0.009776,0.01014,9752974.62381649,1762559999999
1762560000000,0.010148,0.010188,0.009711,0.009785,3428931.69990603,1762588799999
1762588800000,0.009755,0.009877,0.009315,0.009333,2808060.11105974,1762617599999
1762617600000,0.009369,0.009567,0.009255,0.009489,2972404.54610704,1762646399999
1762646400000,0.009357,0.010263,0.009231,0.00983,3602818.36862929,1762675199999
1762675200000,0.0098,0.01125,0.009659,0.010094,1.539465256808097E7,1762703999999
1762704000000,0.010084,0.01038,0.009928,0.01009,5430833.46258858,1762732799999
1762732800000,0.010061,0.010777,0.009981,0.010461,6893459.06715287,1762761599999
1762761600000,0.01048,0.013,0.01048,0.010808,7.251274265360034E7,1762790399999
1762790400000,0.010831,0.011798,0.010516,0.011448,1.963262511044431E7,1762819199999
1762819200000,0.011543,0.011628,0.0107,0.010757,2.078610783523733E7,1762847999999
1762848000000,0.010769,0.010862,0.010127,0.010184,1.619776140778782E7,1762876799999
1762876800000,0.010266,0.010377,0.0097,0.009869,1.067391136571703E7,1762905599999
1762905600000,0.00981,0.010171,0.009735,0.009886,4248176.00421933,1762934399999
1762934400000,0.009937,0.010143,0.009784,0.009784,9948877.2230892,1762963199999
1762963200000,0.009775,0.009892,0.009487,0.009521,5170119.44022104,1762991999999
1762992000000,0.00949,0.009985,0.009459,0.009602,5479989.60104531,1763020799999
1763020800000,0.009599,0.009896,0.009477,0.009853,2867489.83670453,1763049599999
1763049600000,0.009855,0.009855,0.009133,0.009347,9945756.05600885,1763078399999
1763078400000,0.00934,0.010474,0.009239,0.009934,1.621653664452107E7,1763107199999
1763107200000,0.009943,0.010484,0.009628,0.009693,2.992830262988041E7,1763135999999
1763136000000,0.009668,0.009952,0.009498,0.009868,7734951.72223607,1763164799999
1763164800000,0.009868,0.010152,0.009718,0.009937,2351373.34904456,1763193599999
1763193600000,0.009829,0.010042,0.009665,0.009798,3906154.96235207,1763222399999
1763222400000,0.009802,0.009854,0.009685,0.009796,802373.8830985,1763251199999
1763251200000,0.009769,0.009769,0.00941,0.00958,3228459.87269928,1763279999999
1763280000000,0.009741,0.009773,0.009247,0.00926,2954899.82332594,1763308799999
1763308800000,0.00921,0.00921,0.008638,0.008935,1626451.71796247,1763337599999
1763337600000,0.009139,0.009146,0.008703,0.008897,1981334.20501186,1763366399999
1763366400000,0.008864,0.009024,0.008547,0.008818,2338091.61839277,1763395199999
1763395200000,0.008921,0.00895,0.0085,0.008788,893982.1560979,1763423999999
1763424000000,0.008661,0.008795,0.008544,0.008584,500537.96601238,1763452799999
1763452800000,0.00856,0.009045,0.00856,0.008929,789789.41129148,1763481599999
1763481600000,0.008984,0.009114,0.00886,0.009012,4594648.60521739,1763510399999
1763510400000,0.009043,0.009069,0.008338,0.00851,698852.34102944,1763539199999
1763539200000,0.00848,0.008519,0.00821,0.00821,1205607.68711568,1763567999999
1763568000000,0.00819,0.00837,0.007889,0.00825,5503808.35005595,1763596799999
1763596800000,0.008288,0.008365,0.008262,0.008262,499206.17037362,1763625599999
1763625600000,0.008204,0.008213,0.007887,0.00789,4445687.82363839,1763654399999
1763654400000,0.007864,0.007864,0.007278,0.007462,9148901.0836467,1763683199999
1763683200000,0.007511,0.007599,0.006814,0.007039,2241299.69499265,1763711999999
1763712000000,0.006998,0.007719,0.006789,0.007639,7250954.44684748,1763740799999
1763740800000,0.007577,0.007921,0.007372,0.007773,1.703002597797553E7,1763769599999
1763769600000,0.007855,0.008078,0.007512,0.007512,5905918.81002876,1763798399999
1763798400000,0.007495,0.007616,0.007367,0.0075,1488905.38967565,1763827199999
1763827200000,0.007521,0.007595,0.007488,0.007595,656379.22043453,1763855999999
1763856000000,0.007525,0.008957,0.007502,0.007983,1.19896829012248E7,1763884799999
1763884800000,0.00795,0.00801,0.007461,0.007619,7989511.68210334,1763913599999
1763913600000,0.007615,0.007837,0.007615,0.007655,3443164.51379598,1763942399999
1763942400000,0.007593,0.007625,0.007507,0.007572,97131.20894723,1763971199999
1763971200000,0.00752,0.007536,0.007332,0.007437,1931251.58710853,1763999999999
1764000000000,0.007501,0.007766,0.007501,0.007678,3896899.37193857,1764028799999
1764028800000,0.007702,0.00776,0.007625,0.007759,362288.78229359,1764057599999
1764057600000,0.007694,0.008203,0.007686,0.008002,1.304702625174254E7,1764086399999
1764086400000,0.007948,0.008516,0.007939,0.008245,1.414915916596213E7,1764115199999
1764115200000,0.008209,0.008223,0.007851,0.008001,814470.94566821,1764143999999
1764144000000,0.008,0.008018,0.007675,0.007737,1167879.28911368,1764172799999
1764172800000,0.007862,0.008045,0.007823,0.007918,1132621.30289566,1764201599999
1764201600000,0.008125,0.008313,0.007995,0.008213,4151632.34333112,1764230399999
1764230400000,0.008094,0.008298,0.008066,0.008258,7146388.21434517,1764259199999
1764259200000,0.008199,0.008417,0.008064,0.008079,5918498.8456439,1764287999999
1764288000000,0.008015,0.0083,0.007932,0.00794,3369185.82618542,1764316799999
1764316800000,0.00796,0.008098,0.007884,0.007919,2148738.94906948,1764345599999
1764345600000,0.00793,0.007972,0.007778,0.007912,1099000.23960771,1764374399999
1764374400000,0.007952,0.008004,0.007846,0.007846,1121419.55238733,1764403199999
1764403200000,0.007798,0.007962,0.007791,0.007814,1646313.86033486,1764431999999
1764432000000,0.007815,0.007815,0.007643,0.007657,1285907.6729332,1764460799999
1764460800000,0.007657,0.007657,0.007454,0.007472,1180323.18747282,1764489599999
1764489600000,0.007564,0.007597,0.007472,0.00755,537786.49716751,1764518399999
1764518400000,0.007593,0.007648,0.00746,0.00746,616742.24246424,1764547199999
1764547200000,0.007115,0.007115,0.006685,0.00676,1022496.7995889,1764575999999
1764576000000,0.006803,0.006829,0.006591,0.006636,714952.4379462,1764604799999
1764604800000,0.006668,0.006794,0.006607,0.006794,897849.67684613,1764633599999
1764633600000,0.0067,0.0068,0.0067,0.006785,1105625.67132484,1764662399999
1764662400000,0.006736,0.007126,0.006725,0.007116,3003268.4762515,1764691199999
1764691200000,0.007167,0.007177,0.007005,0.007005,1467429.5411234,1764719999999
1764720000000,0.006963,0.00702,0.0069,0.006981,259306.69798454,1764748799999
1764748800000,0.006962,0.00702,0.006765,0.006868,3406219.83769842,1764777599999
1764777600000,0.006872,0.007102,0.006872,0.007076,1774952.04777756,1764806399999
1764806400000,0.007023,0.007037,0.006976,0.006976,258372.44033641,1764835199999
1764835200000,0.007141,0.007141,0.0069,0.006953,2956884.19330254,1764863999999
1764864000000,0.007051,0.007051,0.006862,0.006873,316833.13549416,1764892799999
1764892800000,0.00689,0.006913,0.006836,0.006913,94214.78659867,1764921599999
1764921600000,0.00691,0.00691,0.006782,0.006854,447114.03354484,1764950399999
1764950400000,0.006696,0.006696,0.006526,0.006533,496753.60055589,1764979199999
1764979200000,0.006609,0.006678,0.006609,0.006678,13955.10647286,1765007999999
1765008000000,0.006609,0.006663,0.006592,0.006654,1319320.28686899,1765036799999
1765036800000,0.006667,0.006778,0.006667,0.006698,954899.96909376,1765065599999
1765065600000,0.006696,0.006714,0.006507,0.006507,329482.99348779,1765094399999
1765094400000,0.00663,0.006707,0.006323,0.00638,1055279.21167158,1765123199999
1765123200000,0.006464,0.00665,0.006391,0.006391,1251087.69754321,1765151999999
1765152000000,0.006543,0.006543,0.006497,0.006509,40766.11139371,1765180799999
1765180800000,0.006501,0.006599,0.006425,0.006425,7370.29256142,1765209599999
1765209600000,0.006471,0.006568,0.006174,0.006502,235524.75523189,1765238399999
1765238400000,0.006417,0.006417,0.00628,0.006281,78416.65973792,1765267199999
1765267200000,0.006347,0.006347,0.006315,0.006315,83805.66796465,1765295999999
1765296000000,0.006356,0.00674,0.006356,0.006587,2799271.47438922,1765324799999
1765353600000,0.006389,0.00656,0.006333,0.006394,263721.03884548,1765382399999
1765382400000,0.00638,0.006506,0.00635,0.00635,954086.73418328,1765411199999
1765411200000,0.006311,0.006311,0.006031,0.006031,3660267.90795102,1765439999999
1765440000000,0.006093,0.006182,0.006093,0.006128,118312.78828586,1765468799999
1765468800000,0.0061597,0.0063179,0.0061138,0.0062858,214449.81658289,1765497599999
1765497600000,0.006367,0.006367,0.0062656,0.0062812,263811.47825502,1765526399999
1765526400000,0.0062817,0.0063,0.006,0.006,1230392.05343163,1765555199999
1765555200000,0.0060336,0.0060336,0.005862,0.005984,1367235.45790751,1765583999999
1765584000000,0.0059453,0.0060097,0.0058688,0.0059555,31523.99425163,1765612799999
1765612800000,0.0059751,0.0060579,0.0059751,0.0060054,70948.58360181,1765641599999
1765641600000,0.0060569,0.006124,0.0060469,0.006124,983698.77315584,1765670399999
1765670400000,0.00617,0.0062868,0.0060223,0.0060587,977418.42587397,1765699199999
1765699200000,0.0060932,0.0061574,0.0059091,0.005988,1771173.166927,1765727999999
1765728000000,0.0059165,0.0059335,0.0057607,0.0057793,1242171.70631853,1765756799999
1765785600000,0.0058163,0.0058163,0.0055006,0.0055006,1915499.66232811,1765814399999
1765814400000,0.0055,0.0055533,0.0053533,0.005499,2967586.089084,1765843199999
1765843200000,0.00537,0.0053893,0.0052567,0.0053168,992976.87039471,1765871999999
1765872000000,0.0053144,0.0053667,0.00526,0.00526,559856.67227185,1765900799999
1765900800000,0.0054017,0.0054398,0.0053104,0.005352,690498.27538368,1765929599999
1765929600000,0.0054,0.0054,0.0054,0.0054,2222.22222222,1765958399999
1765958400000,0.0052741,0.0054018,0.0052458,0.005371,953044.45962313,1765987199999
1765987200000,0.0050801,0.0050952,0.00498,0.00498,1955972.90712418,1766015999999
1766016000000,0.0050415,0.0051538,0.0049,0.0049619,260257.7111455,1766044799999
1766044800000,0.0050243,0.0052031,0.0050243,0.0052031,627207.00036529,1766073599999
1766073600000,0.00505,0.00505,0.0047425,0.0047965,1705098.12241259,1766102399999
1766102400000,0.005213,0.006848,0.005213,0.0062855,3.153921661427397E7,1766131199999
1766131200000,0.0063,0.0066555,0.0061431,0.0063777,2.332262660388358E7,1766159999999
1766160000000,0.0063735,0.0063893,0.00598,0.0062479,1.084743947261555E7,1766188799999
1766188800000,0.0061,0.006247,0.0058739,0.0060229,7442267.19667991,1766217599999
1766217600000,0.005992,0.0062825,0.0058445,0.0062825,4679407.44122544,1766246399999
1766246400000,0.0062222,0.0064,0.0059697,0.0061786,4137742.17683646,1766275199999
1766275200000,0.0063016,0.0074663,0.0059963,0.0070744,1.076846196402278E7,1766303999999
1766304000000,0.0070501,0.0070774,0.0062422,0.0063166,9410200.42581823,1766332799999
1766332800000,0.0063033,0.0064563,0.0061856,0.0063884,2138091.63275204,1766361599999
1766361600000,0.0063406,0.0065998,0.006048,0.0065998,2494711.70872286,1766390399999
1766390400000,0.0065867,0.006597,0.0061814,0.0062955,2693328.38937865,1766419199999
1766419200000,0.0062276,0.0062729,0.0060483,0.0061544,713986.31723428,1766447999999
1766448000000,0.0063779,0.0071263,0.0063779,0.0068128,7353318.16557013,1766476799999
1766476800000,0.0067474,0.0073119,0.0063233,0.0064793,1.443258898623637E7,1766505599999
1766505600000,0.0065201,0.0068924,0.006421,0.0068416,3646210.88157069,1766534399999
1766534400000,0.0067959,0.0071079,0.0065551,0.0070533,3119652.46572999,1766563199999
1766563200000,0.0069758,0.007054,0.0068,0.0069527,929530.73170578,1766591999999
1766592000000,0.0068245,0.0070763,0.0068011,0.0070361,3333876.533173,1766620799999
1766620800000,0.00697,0.0074663,0.0068318,0.0073981,5000715.88429596,1766649599999
1766649600000,0.0073246,0.0073312,0.0070201,0.0072425,5798342.17043584,1766678399999
1766678400000,0.0072598,0.0074598,0.007246,0.0072842,4500035.33537928,1766707199999
1766707200000,0.0072343,0.0086433,0.0072342,0.0076444,2.886241424191966E7,1766735999999
1766736000000,0.007634,0.007634,0.0066382,0.0069454,8433429.88003316,1766764799999
1766764800000,0.00693,0.00693,0.0067543,0.0068266,707643.77294775,1766793599999
1766793600000,0.0068308,0.0068509,0.0065465,0.0066495,3385051.75712602,1766822399999
1766822400000,0.0067638,0.006887,0.0066037,0.0066264,4629167.21675067,1766851199999
1766851200000,0.0066266,0.0066469,0.0065403,0.0066267,724185.46928511,1766879999999
1766880000000,0.0065996,0.0066162,0.006346,0.006346,568745.51528726,1766908799999
1766908800000,0.0064072,0.0065061,0.0063333,0.0064979,3315039.95722355,1766937599999
1766937600000,0.006425,0.0064331,0.0062247,0.0062439,2157195.24850746,1766966399999
1766966400000,0.0062052,0.0066309,0.006177,0.0063677,4070835.42624595,1766995199999
1766995200000,0.0063434,0.0064229,0.0061494,0.0061574,1780676.42828921,1767023999999
1767024000000,0.0061597,0.0063939,0.0061597,0.00623,1481111.26834975,1767052799999
1767052800000,0.006179,0.006179,0.0058884,0.0060582,594660.45478981,1767081599999
1767081600000,0.0060437,0.0060801,0.0059636,0.0060208,3339400.04442778,1767110399999
1767110400000,0.0060305,0.0060305,0.0058864,0.0058957,811198.50481874,1767139199999
1767139200000,0.0059355,0.0059546,0.0058267,0.0058267,214003.51589202,1767167999999
1767168000000,0.0059024,0.0059024,0.0057,0.0057,1606340.20593508,1767196799999
1767196800000,0.0057192,0.0057192,0.0055675,0.0056101,717069.14022501,1767225599999
1767225600000,0.0055866,0.005976,0.0055866,0.0058586,3244566.72842677,1767254399999
1767254400000,0.0057941,0.0058018,0.0057475,0.0057936,115829.22073827,1767283199999
1767283200000,0.0059101,0.0059101,0.0058125,0.0058353,272377.92505199,1767311999999
1767312000000,0.00585,0.0059,0.0057578,0.0057578,767164.3350098,1767340799999
1767340800000,0.0057863,0.0059314,0.0057862,0.0058807,176359.66403066,1767369599999
1767369600000,0.0058731,0.0060538,0.0058399,0.0060377,964292.7822077,1767398399999
1767398400000,0.0060549,0.0061345,0.005917,0.0059514,4917987.03773397,1767427199999
1767427200000,0.005992,0.0063716,0.0059712,0.0061671,3392701.93431378,1767455999999
1767456000000,0.0061948,0.0061948,0.0060628,0.0061822,100465.74238528,1767484799999
1767484800000,0.0061694,0.00619,0.0061506,0.0061506,357147.20866058,1767513599999
1767513600000,0.0061585,0.0062098,0.0061089,0.0061456,681956.09498382,1767542399999
1767542400000,0.0061808,0.0062093,0.0060993,0.0061711,920375.71703537,1767571199999
1767571200000,0.006333,0.0064348,0.00617,0.0062134,5812963.96381588,1767599999999
1767600000000,0.0062157,0.0063082,0.0061559,0.0063082,55171.15793123,1767628799999
1767628800000,0.0062646,0.0063238,0.0062492,0.0062802,1195373.60349522,1767657599999
1767657600000,0.0062018,0.0062545,0.0062018,0.0062425,81329.32559102,1767686399999
1767686400000,0.0061666,0.0064107,0.0061331,0.006252,4627883.01705584,1767715199999
1767715200000,0.0062336,0.0062544,0.0060647,0.0062544,2750774.08028128,1767743999999
1767744000000,0.0061361,0.0062057,0.00612,0.0062056,1313125.12318923,1767772799999
1767772800000,0.0062209,0.0062209,0.0060303,0.0060303,1690997.97045127,1767801599999
1767801600000,0.0060497,0.0060756,0.005955,0.005955,1012260.94673588,1767830399999
1767830400000,0.0060024,0.0060024,0.0059389,0.005967,1266629.39035496,1767859199999
1767859200000,0.005876,0.0059637,0.0058566,0.0059637,520855.93552535,1767887999999
1767888000000,0.0059806,0.006004,0.0058919,0.0059917,3866310.3900197,1767916799999
1767916800000,0.0060002,0.0060002,0.0059886,0.0059936,949677.63878151,1767945599999
1767945600000,0.006019,0.0060235,0.0059262,0.0060235,602056.84217671,1767974399999
1767974400000,0.005987,0.0059999,0.00595,0.0059999,1641763.02147597,1768003199999
1768003200000,0.0059396,0.0059396,0.005865,0.0059206,558376.00967951,1768031999999
1768032000000,0.0059248,0.0059978,0.0059248,0.0059598,395028.89157722,1768060799999
1768060800000,0.005948,0.006034,0.0059183,0.005923,2602991.10257819,1768089599999
1768089600000,0.0059393,0.006026,0.0059239,0.0060036,1028031.96352021,1768118399999
1768118400000,0.0060001,0.006126,0.0059886,0.0060005,4866577.47830941,1768147199999
1768147200000,0.0059392,0.0059408,0.005833,0.005833,2230118.04007838,1768175999999
1768176000000,0.0058563,0.0059081,0.0058359,0.0058359,521789.27954713,1768204799999
1768204800000,0.0058,0.0058316,0.0057385,0.0058303,2906129.84264294,1768233599999
1768233600000,0.0058442,0.0058881,0.0057768,0.0058069,4650733.21338312,1768262399999
1768262400000,0.0058266,0.0059323,0.0058266,0.0058929,665568.54345563,1768291199999
1768291200000,0.0059104,0.0059607,0.0058552,0.0059353,1665740.47279402,1768319999999
1768320000000,0.0059381,0.0060364,0.00589,0.0060051,4663845.10238256,1768348799999
1768348800000,0.0059997,0.0060122,0.0059373,0.0059373,1773710.58685053,1768377599999
1768377600000,0.0059393,0.0059743,0.0058722,0.0059012,2196122.64230236,1768406399999
1768406400000,0.0059714,0.0060037,0.0058253,0.0058813,4524117.40609585,1768435199999
1768435200000,0.0059247,0.0059247,0.005753,0.0058362,551147.13568032,1768463999999
1768464000000,0.0058531,0.0059384,0.0057546,0.0057546,7304895.59348259,1768492799999
1768492800000,0.005878,0.0058841,0.0057288,0.0058329,2107703.02342269,1768521599999
1768521600000,0.005817,0.005817,0.0057644,0.0058095,375474.08086381,1768550399999
1768550400000,0.0058618,0.0059469,0.005761,0.0057637,1503544.31162211,1768579199999
1768579200000,0.0058521,0.0058959,0.0057642,0.0058959,2035211.78358395,1768607999999
1768608000000,0.0058398,0.0058398,0.005836,0.005836,438652.07435605,1768636799999
1768636800000,0.0058623,0.0058721,0.0058221,0.0058674,1090206.33723286,1768665599999
1768665600000,0.0058717,0.0058717,0.0057839,0.0058018,900911.98762738,1768694399999
1768694400000,0.005813,0.005813,0.005734,0.0057459,1499773.37768973,1768723199999
1768723200000,0.0057295,0.0058249,0.0057265,0.005805,2723297.03320153,1768751999999
1768752000000,0.0057679,0.0058877,0.005629,0.005629,971304.00611352,1768780799999
1768780800000,0.0056001,0.0056001,0.005,0.0053754,8437569.97443665,1768809599999
1768809600000,0.0053934,0.0056055,0.0053934,0.0055936,718465.83804009,1768838399999
1768838400000,0.0056153,0.0057189,0.0056153,0.0056792,467062.81285364,1768867199999
1768867200000,0.0055749,0.0055887,0.005461,0.0055267,1505383.80105471,1768895999999
1768896000000,0.0053924,0.0053924,0.0052905,0.0053021,1838529.43326733,1768924799999
1768924800000,0.0052741,0.0052741,0.0050727,0.0051084,2968234.08534313,1768953599999
1768953600000,0.00515,0.0052253,0.00515,0.0051879,405258.01442384,1768982399999
1768982400000,0.0051628,0.0052303,0.005125,0.0052303,4916041.58421247,1769011199999
1769011200000,0.0051524,0.005356,0.005133,0.0053451,3909125.15066962,1769039999999
1769040000000,0.0053078,0.0053078,0.0053078,0.0053078,16999.51015487,1769068799999
1769068800000,0.0052556,0.0052778,0.0051471,0.0052036,4319743.64270446,1769097599999
1769097600000,0.0052026,0.00526,0.0051711,0.0051711,592081.14252362,1769126399999
1769126400000,0.0051792,0.0058199,0.005174,0.005554,1.092759763398918E7,1769155199999
1769155200000,0.0055526,0.0055804,0.0054,0.005444,8225999.7450442,1769183999999
1769184000000,0.0054341,0.0055763,0.0054253,0.0054488,1879350.50379969,1769212799999
1769212800000,0.0054944,0.0057885,0.0054375,0.0057461,5723601.80838472,1769241599999
1769241600000,0.0057214,0.0059392,0.0055138,0.0058198,1.008587864289219E7,1769270399999
1769270400000,0.0058064,0.0059297,0.0056861,0.005921,6900138.44172978,1769299199999
1769299200000,0.0058762,0.0063327,0.0056445,0.0059032,7493416.97650955,1769327999999
1769328000000,0.0059847,0.0062758,0.0056287,0.0056287,1.344000211257145E7,1769356799999
1769356800000,0.0056158,0.0056158,0.0052625,0.0052625,1530126.0496942,1769385599999
1769385600000,0.0053677,0.006198,0.0053677,0.0055111,1.821455689209499E7,1769414399999
1769414400000,0.005469,0.0055215,0.0054208,0.0054528,1456538.74666822,1769443199999
1769443200000,0.0055077,0.0057603,0.005498,0.0057042,3198271.49680006,1769471999999
1769472000000,0.0056934,0.0057509,0.0055082,0.0056032,1583274.44040763,1769500799999
1769500800000,0.0056375,0.0058124,0.0055042,0.0055042,5910952.5812936,1769529599999
1769529600000,0.0055512,0.005574,0.005517,0.0055458,686675.9600419,1769558399999
1769587200000,0.0055483,0.0055625,0.0054712,0.0054712,384216.37439791,1769615999999
1769616000000,0.0054615,0.005472,0.0053984,0.005472,1066258.50328326,1769644799999
1769644800000,0.0053849,0.0053849,0.0051825,0.0052078,346251.80361825,1769673599999
1769673600000,0.0051972,0.0051972,0.0049547,0.0050454,1036447.75224622,1769702399999
1769702400000,0.0050223,0.0051228,0.0049283,0.004988,1016452.57212968,1769731199999
1769731200000,0.0050264,0.0051923,0.0050264,0.0051383,2102500.20543302,1769759999999
1769760000000,0.0051002,0.0052677,0.0050164,0.0052677,3482115.93284289,1769788799999
1769788800000,0.0052264,0.0052264,0.005137,0.0051949,2224902.90609947,1769817599999
1769817600000,0.0051896,0.0051896,0.0049516,0.0049516,1775555.50508062,1769846399999
1769846400000,0.0049198,0.004952,0.0046405,0.004714,5832550.85505239,1769875199999
1769875200000,0.00472,0.00472,0.0043077,0.0046363,7654443.8289017,1769903999999
1769904000000,0.0047041,0.0057,0.0047041,0.0053418,2.288038866716374E7,1769932799999
1769932800000,0.0052854,0.0072786,0.0045548,0.0045773,3.786389242688818E7,1769961599999
1769961600000,0.0046112,0.0046679,0.0045,0.0045097,3031496.57661894,1769990399999
1769990400000,0.0044953,0.006263,0.0044345,0.0048564,2.277019629276002E7,1770019199999
1770019200000,0.0048425,0.0062798,0.0047788,0.0053032,3.755836911803277E7,1770047999999
1770048000000,0.0053615,0.0055806,0.0052834,0.005357,9473804.79348615,1770076799999
1770076800000,0.0053047,0.0057757,0.0051288,0.0052413,7907404.95367996,1770105599999
1770105600000,0.0052302,0.0053239,0.0051167,0.0051652,1.147892395816265E7,1770134399999
1770134400000,0.005165,0.0052415,0.0049056,0.0051254,1987309.35819269,1770163199999
1770163200000,0.0050665,0.0052627,0.0049495,0.0049495,2613171.65724685,1770191999999
1770192000000,0.0049721,0.0051005,0.004845,0.004881,1976129.53365142,1770220799999
1770220800000,0.0049055,0.0049464,0.0048142,0.0049376,2282332.76657957,1770249599999
1770249600000,0.0048847,0.0048847,0.004735,0.0048122,1772316.75420968,1770278399999
1770278400000,0.0048138,0.00484,0.0045,0.0046176,4265201.54070337,1770307199999
1770307200000,0.0048161,0.0048192,0.004319,0.0044298,3369753.05907399,1770335999999
1770336000000,0.0044383,0.005063,0.0040125,0.0044153,2.135707352430137E7,1770364799999
1770364800000,0.00437,0.0048202,0.0043547,0.0047762,4137738.70607918,1770393599999
1770393600000,0.0047856,0.0050152,0.0047856,0.004964,3794700.59131994,1770422399999
1770422400000,0.004893,0.0051557,0.0046594,0.0046594,6889465.01173476,1770451199999
1770451200000,0.0047052,0.0047631,0.0046366,0.0047193,4998985.47653051,1770479999999
1770480000000,0.0047223,0.0048401,0.0047028,0.0048118,2339206.8116434,1770508799999
1770508800000,0.0048997,0.0083999,0.0048997,0.0058136,4.783902358590766E7,1770537599999
1770537600000,0.0056912,0.00579,0.0053119,0.005543,1.983497118723826E7,1770566399999
1770566400000,0.0055066,0.0058813,0.0054126,0.0055342,1.250535855193212E7,1770595199999
1770595200000,0.00565,0.0056656,0.0050553,0.0051,5997639.22611001,1770623999999
1770624000000,0.005122,0.0051459,0.0049606,0.0051211,1.044560175163304E7,1770652799999
1770652800000,0.0051412,0.0052953,0.0050962,0.0052864,5912719.39120094,1770681599999
1770681600000,0.0052058,0.0052097,0.0050215,0.0050215,3499051.68293032,1770710399999
1770710400000,0.0050353,0.0050915,0.0049882,0.0050611,1608159.25387891,1770739199999
1770739200000,0.0050591,0.0050989,0.0049971,0.0050176,2931211.40783323,1770767999999
1770768000000,0.0050921,0.0052543,0.0050393,0.005174,1.450167548408908E7,1770796799999
1770796800000,0.0051589,0.0053934,0.0050674,0.0052623,8224901.87108597,1770825599999
1770825600000,0.005239,0.0054813,0.0052181,0.0054233,7179428.64202146,1770854399999
1770854400000,0.0053731,0.0054239,0.0053157,0.0053946,1759054.75709526,1770883199999
1770883200000,0.005335,0.0053832,0.0052437,0.0052437,2073983.98241823,1770911999999
1770912000000,0.0052047,0.0053671,0.0052025,0.0053671,124101.23190018,1770940799999
1770940800000,0.0052885,0.0052889,0.0052884,0.0052884,11348.00710554,1770969599999
1770969600000,0.0052789,0.0053881,0.0052674,0.005279,2173828.93611871,1770998399999
1770998400000,0.0054018,0.0054966,0.0054018,0.0054526,1026425.90735919,1771027199999
1771027200000,0.0055517,0.0057147,0.0053458,0.0053458,3297325.65868655,1771055999999
1771056000000,0.005382,0.0054891,0.0053651,0.0054356,2081049.59157803,1771084799999
1771084800000,0.0054553,0.00554,0.0054553,0.00554,108553.60434249,1771113599999
1771113600000,0.0054967,0.0054967,0.0054633,0.0054633,29338.36739568,1771142399999
1771142400000,0.0054429,0.0054582,0.005282,0.0053145,733717.55863383,1771171199999
1771171200000,0.0052214,0.0053112,0.0052214,0.0053112,186269.0178481,1771199999999
1771200000000,0.0053495,0.0053739,0.005347,0.0053739,489056.15213983,1771228799999
1771228800000,0.005269,0.0053717,0.0052537,0.0052903,1541783.37771239,1771257599999
1771286400000,0.0053144,0.0053331,0.0052937,0.005333,29502.06751789,1771315199999
1771315200000,0.0053276,0.0055754,0.005318,0.0053796,697642.28136442,1771343999999
1771344000000,0.0054125,0.0054444,0.0054077,0.0054085,48052.51557176,1771372799999
1771372800000,0.0054576,0.00546,0.0054109,0.0054197,61068.76795836,1771401599999
1771401600000,0.0053844,0.0054165,0.0052754,0.0052806,358945.19533631,1771430399999
1771430400000,0.0052868,0.0052868,0.005101,0.005114,1228596.93004034,1771459199999
1771459200000,0.0051728,0.005199,0.0051728,0.0051745,44716.49590371,1771487999999
1771488000000,0.0050359,0.0050606,0.0048962,0.0049255,4182663.65497646,1771516799999
1771516800000,0.0049366,0.0049814,0.0049366,0.0049814,24894.98273864,1771545599999
1771545600000,0.0050629,0.0052028,0.0050622,0.0050794,1638515.33946303,1771574399999
1771574400000,0.0051401,0.0051435,0.0049532,0.0050314,2784414.97061394,1771603199999
1771603200000,0.005103,0.0051046,0.005061,0.005061,177231.62584171,1771631999999
1771632000000,0.0050489,0.0050489,0.0050302,0.0050302,1071840.76424844,1771660799999
1771660800000,0.0050521,0.0050899,0.0050501,0.0050896,2721986.6804021,1771689599999
1771689600000,0.0050373,0.0050551,0.0050336,0.0050551,1119347.76026231,1771718399999
1771718400000,0.0049123,0.0049251,0.0048783,0.0048783,196377.08953507,1771747199999
1771747200000,0.0050136,0.0050136,0.0048765,0.0048984,1375560.35420103,1771775999999
1771776000000,0.0048731,0.0048864,0.0048617,0.0048767,836186.47000588,1771804799999
1771804800000,0.0048131,0.0048131,0.0046847,0.0047385,60474.00848934,1771833599999
1771833600000,0.0047118,0.0048161,0.0047007,0.0047007,1352205.81966162,1771862399999
1771862400000,0.0046457,0.0047634,0.0046456,0.0047462,1231031.63186209,1771891199999
1771891200000,0.0047757,0.0047757,0.0046482,0.0046482,693369.93940632,1771919999999
1771920000000,0.0046092,0.0047328,0.0045459,0.0046783,1475262.61682106,1771948799999
1771948800000,0.0046955,0.0047217,0.0046853,0.0047217,652730.55866481,1771977599999
1771977600000,0.0047185,0.0048211,0.0047156,0.0047636,2308667.32282199,1772006399999
1772006400000,0.0047871,0.0049375,0.0047802,0.0049308,2474222.74861066,1772035199999
1772035200000,0.0049581,0.0049879,0.0049066,0.0049131,1338672.02259845,1772063999999
1772064000000,0.0048809,0.0048848,0.0048227,0.0048227,96588.59414518,1772092799999
1772092800000,0.00488,0.00488,0.0048046,0.0048046,513807.76999623,1772121599999
1772121600000,0.0047576,0.0049984,0.0047,0.0049526,213701.65400493,1772150399999
1772150400000,0.0049743,0.00515,0.004853,0.0049837,2322843.95571155,1772179199999
1772179200000,0.0049872,0.0050493,0.0048767,0.0048767,4799443.63531671,1772207999999
1772208000000,0.0049398,0.0049887,0.0048999,0.0049687,1297883.55751664,1772236799999
1772236800000,0.004937,0.004969,0.0046063,0.0047033,3966283.7191662,1772265599999
1772265600000,0.004639,0.0046542,0.0046264,0.0046264,718556.1678305,1772294399999
1772294400000,0.0047414,0.0049109,0.0047325,0.0048742,1711357.50104938,1772323199999
1772323200000,0.0049277,0.0049341,0.0048969,0.0048969,1318459.0218578,1772351999999
1772352000000,0.0048298,0.0048844,0.0048062,0.0048308,745783.4150734,1772380799999
1772380800000,0.0047432,0.0047449,0.0046799,0.00468,689566.15842828,1772409599999
1772409600000,0.004751,0.004751,0.0047277,0.0047421,120506.65384146,1772438399999
1772438400000,0.0047516,0.0048953,0.0047509,0.0048945,763126.66335329,1772467199999
1772467200000,0.0048695,0.0048695,0.0048,0.0048,638609.94231267,1772495999999
1772496000000,0.0047888,0.0047888,0.0047479,0.0047479,614224.61142936,1772524799999
1772524800000,0.0046999,0.0047099,0.0046842,0.0046842,1573848.69134807,1772553599999
1772553600000,0.0047568,0.0047568,0.004742,0.0047511,2841526.13333088,1772582399999
1772582400000,0.0047046,0.0047509,0.0046805,0.0047212,737945.46252743,1772611199999
1772611200000,0.0047483,0.0048402,0.0047459,0.0047913,1086705.0581085,1772639999999
1772640000000,0.0048561,0.0048842,0.0048385,0.0048444,2185975.67540561,1772668799999
1772668800000,0.0048098,0.0048098,0.0048097,0.0048097,99000.0,1772697599999
1772697600000,0.0048172,0.004829,0.0047706,0.0047955,2543587.23320327,1772726399999
1772726400000,0.0047781,0.00478,0.0047057,0.0047685,428718.73003989,1772755199999
1772755200000,0.004733,0.0048026,0.0047302,0.0047884,177974.0937743,1772783999999
1772784000000,0.0048294,0.004833,0.0046427,0.0046892,7163156.72485356,1772812799999
1772812800000,0.004654,0.004654,0.0046445,0.0046445,66000.01104309,1772841599999
1772841600000,0.0046988,0.0046988,0.0046413,0.0046413,553011.71536615,1772870399999
1772870400000,0.0046429,0.0046666,0.0045691,0.004586,483933.61651965,1772899199999
1772899200000,0.0046097,0.0046246,0.0045481,0.0045481,804345.68210523,1772927999999
1772928000000,0.0045023,0.0045023,0.0044791,0.0044791,628671.64718635,1772956799999
1772956800000,0.004553,0.0045652,0.004553,0.0045652,2189.96609023,1772985599999
1772985600000,0.0045178,0.0045846,0.0045178,0.0045846,1433046.07129744,1773014399999
1773014400000,0.0045979,0.0046346,0.0045844,0.0046046,142265.7603426,1773043199999
1773043200000,0.0046244,0.0046244,0.0046138,0.0046189,5745.58655875,1773071999999
1773072000000,0.0046359,0.0046359,0.0045822,0.0045822,45804.69223569,1773100799999
1773100800000,0.0046264,0.0046264,0.0045909,0.0045909,131566.9699093,1773129599999
1773129600000,0.0045998,0.0046151,0.0045695,0.0045939,2600178.64125884,1773158399999
1773158400000,0.0046288,0.0046288,0.0045776,0.0045776,207285.15805787,1773187199999
1773187200000,0.0045545,0.0045545,0.0045,0.0045346,1256154.90987149,1773215999999
1773216000000,0.0045021,0.0045886,0.0044935,0.0045678,3178861.58248413,1773244799999
1773244800000,0.0045526,0.004608,0.0045513,0.004608,1231486.45801074,1773273599999
1773273600000,0.0046201,0.0046554,0.0045948,0.0045948,291293.16831807,1773302399999
1773302400000,0.0046056,0.0046056,0.0045895,0.0045904,1164255.54889217,1773331199999
1773331200000,0.004577,0.0046493,0.004577,0.0046398,271781.05262056,1773359999999
1773360000000,0.0046506,0.0053365,0.0046506,0.0049058,3.109099322523456E7,1773388799999
1773388800000,0.0049284,0.0051241,0.0048969,0.0049792,8297808.92782419,1773417599999
1773417600000,0.0049339,0.0049825,0.00484,0.0048891,1885218.35647181,1773446399999
1773446400000,0.0049461,0.0050982,0.0047618,0.0048905,5801357.8430573,1773475199999
1773475200000,0.0048553,0.0048706,0.0048553,0.0048706,90660.44171172,1773503999999
1773504000000,0.0048851,0.0048851,0.0048821,0.0048821,316883.38888416,1773532799999
1773532800000,0.0049329,0.0049329,0.0049329,0.0049329,17485.42149379,1773561599999
1773561600000,0.0048666,0.0048736,0.00486,0.00486,1034574.94615043,1773590399999
1773590400000,0.004806,0.0048694,0.0047906,0.0048402,1955691.40643217,1773619199999
1773619200000,0.0047766,0.0048586,0.0047766,0.00485,157507.59020203,1773647999999
1773648000000,0.0048963,0.004935,0.0048738,0.0048835,2886758.31871615,1773676799999
1773676800000,0.0048912,0.0049743,0.0048885,0.0049743,2038523.6561582,1773705599999
1773705600000,0.0049776,0.0063235,0.0049453,0.0054239,6.851954467588903E7,1773734399999
1773734400000,0.0054338,0.0057,0.0051974,0.0052053,2.327816031265066E7,1773763199999
1773763200000,0.0052319,0.0052319,0.0050982,0.0051977,2384131.57908613,1773791999999
1773792000000,0.0052095,0.0053614,0.0049416,0.0050058,4251504.65478042,1773820799999
1773820800000,0.0050201,0.0050281,0.00478,0.0048126,2244750.10672811,1773849599999
1773849600000,0.0047823,0.0047823,0.0047647,0.0047673,201024.60670108,1773878399999
1773878400000,0.0048372,0.0048372,0.0046882,0.0047029,724696.21363837,1773907199999
1773907200000,0.004725,0.0048,0.0046922,0.0048,2908541.2681919,1773935999999
1773936000000,0.0048177,0.0049369,0.0047842,0.0049139,1413532.31157554,1773964799999
1773964800000,0.0048849,0.0049855,0.0048116,0.0048116,1374935.57002048,1773993599999
1773993600000,0.0048116,0.0049082,0.0047944,0.0049015,837377.45379699,1774022399999
1774022400000,0.0048758,0.0048758,0.0048173,0.0048716,62756.58517208,1774051199999
1774051200000,0.0049279,0.0049562,0.0048937,0.0048937,822573.62956533,1774079999999
1774080000000,0.0049008,0.004929,0.0049008,0.0049161,676850.86908695,1774108799999
1774108800000,0.0049169,0.0049172,0.0049169,0.0049172,23551.81040748,1774137599999
1774137600000,0.0048816,0.0048816,0.0047798,0.0047817,82477.5202693,1774166399999
1774166400000,0.0047,0.0047529,0.0046881,0.00473,838017.67104004,1774195199999
1774195200000,0.0046973,0.0046973,0.0046412,0.0046662,115558.42001799,1774223999999
1774224000000,0.0046543,0.0046543,0.0046,0.0046251,75420.62818601,1774252799999
1774252800000,0.0046057,0.0046057,0.0045882,0.0045882,12507.98251286,1774281599999
1774281600000,0.0046904,0.004732,0.0046754,0.004732,685652.00048966,1774310399999
1774339200000,0.0046743,0.0046953,0.0046743,0.0046953,2164.29026548,1774367999999
1774368000000,0.0046331,0.0046793,0.0046331,0.0046793,156920.50613131,1774396799999
1774396800000,0.0046705,0.0047114,0.0046616,0.0047013,197137.64180131,1774425599999
1774425600000,0.0047055,0.004729,0.0046821,0.0046838,274101.53044286,1774454399999
1774454400000,0.0047232,0.0047353,0.0046907,0.0047353,854748.10958967,1774483199999
1774483200000,0.0047116,0.0047116,0.0045718,0.0045718,1833084.35653201,1774511999999
1774512000000,0.0045851,0.0045851,0.0044887,0.0045492,4491388.54792237,1774540799999
1774540800000,0.0044945,0.0045305,0.0044615,0.0045305,1083756.82884131,1774569599999
1774598400000,0.0044716,0.0044716,0.0043811,0.0043811,74859.87993912,1774627199999
1774627200000,0.0044016,0.0044314,0.0043877,0.0044314,1055089.28771466,1774655999999
1774656000000,0.0043704,0.0044237,0.0043636,0.0044237,2110691.49202608,1774684799999
1774684800000,0.0044218,0.0044593,0.0044196,0.0044513,663002.63762909,1774713599999
1774713600000,0.0044259,0.0044447,0.0044007,0.0044007,922563.87967228,1774742399999
1774742400000,0.0043916,0.0044112,0.0043903,0.0044023,1316491.75086701,1774771199999
1774771200000,0.0043927,0.0044112,0.0043226,0.0043256,896511.06674345,1774799999999
1774800000000,0.0043297,0.0043297,0.0043,0.0043,133841.22683021,1774828799999
1774828800000,0.0043979,0.0044422,0.0043979,0.0044422,54429.61693728,1774857599999
1774857600000,0.0044349,0.0044349,0.0044349,0.0044349,22548.42273782,1774886399999
1774886400000,0.0044158,0.0044158,0.0043682,0.0043682,8402.02546688,1774915199999
1774915200000,0.0044366,0.0044467,0.0044332,0.0044467,30110.48509437,1774943999999
1774944000000,0.0044129,0.0044876,0.0044129,0.0044562,2860.09354505,1774972799999
1774972800000,0.0044779,0.0044995,0.0044544,0.0044544,805537.65822253,1775001599999
1775001600000,0.0044134,0.0044382,0.0044103,0.0044357,477414.05575014,1775030399999
1775030400000,0.0044455,0.0044455,0.0044276,0.0044418,741229.36872638,1775059199999
1775059200000,0.0044832,0.0044832,0.0044604,0.0044677,852524.27500521,1775087999999
1775088000000,0.0044715,0.0046562,0.0043314,0.0043636,2.208578077029425E7,1775116799999
1775116800000,0.0043698,0.0043882,0.0043009,0.0043052,966849.77304992,1775145599999
1775145600000,0.0042971,0.0043304,0.004296,0.0043128,421600.03467026,1775174399999
1775174400000,0.0043168,0.0043241,0.004237,0.004237,1103527.48014186,1775203199999
1775203200000,0.0042607,0.0043062,0.004258,0.0042697,551864.92405254,1775231999999
1775232000000,0.0042933,0.0042933,0.00425,0.00425,376295.08168084,1775260799999
1775260800000,0.0042463,0.0042504,0.00424,0.0042503,299466.93270742,1775289599999
1775289600000,0.0042668,0.0042824,0.0042668,0.0042824,11586.33664694,1775318399999
1775318400000,0.0042804,0.0042804,0.0042481,0.0042577,1027173.09757552,1775347199999
1775347200000,0.00424,0.00424,0.0041982,0.0041982,951175.29073768,1775375999999
1775376000000,0.0042235,0.0042235,0.0041802,0.0042001,325766.69287958,1775404799999
1775404800000,0.004248,0.0042745,0.004214,0.0042745,1449971.37423138,1775433599999
1775433600000,0.0043069,0.0043792,0.0043069,0.00434,8906200.02669248,1775462399999
1775462400000,0.0043432,0.004478,0.0043246,0.0044705,2126687.91829261,1775491199999
1775491200000,0.0044456,0.0044622,0.0044142,0.0044142,965338.19514697,1775519999999
1775520000000,0.0044386,0.0053773,0.0043901,0.0044236,5.716788926077893E7,1775548799999
1775548800000,0.004444,0.0045618,0.0043846,0.0044567,9895909.4147593,1775577599999
1775577600000,0.0044173,0.0045305,0.0044173,0.0045305,1264254.03853907,1775606399999
1775606400000,0.0045294,0.0045294,0.0044466,0.0044946,1209696.9748906,1775635199999
1775635200000,0.004493,0.0045092,0.0044555,0.0044879,3870326.07025578,1775663999999
1775664000000,0.0045241,0.0045375,0.0044648,0.0044648,2558021.04250226,1775692799999
1775692800000,0.0044491,0.0044532,0.004411,0.0044358,839233.73528631,1775721599999
1775721600000,0.004437,0.004437,0.0043927,0.0043927,3638021.63732796,1775750399999
1775750400000,0.0044399,0.0044674,0.0044271,0.0044661,1034400.09200049,1775779199999
1775779200000,0.0044261,0.0044283,0.0044,0.0044283,274573.44640608,1775807999999
1775808000000,0.0044032,0.0044509,0.004403,0.0044509,1459841.01493907,1775836799999
1775836800000,0.0044743,0.0046241,0.0044743,0.0045324,1.215096730547695E7,1775865599999
1775865600000,0.0046413,0.0049998,0.0044968,0.0045516,1.10223052167629E7,1775894399999
1775894400000,0.0045776,0.0045776,0.0045394,0.0045394,234908.63595997,1775923199999
1775923200000,0.0045364,0.0045983,0.0045356,0.0045983,1150538.88214443,1775951999999
1775952000000,0.0045668,0.0045668,0.0044448,0.0044619,2628183.40014427,1775980799999
1775980800000,0.0044692,0.0044692,0.0043867,0.0043946,480717.29800862,1776009599999
1776009600000,0.0044615,0.004488,0.0044614,0.0044879,55642.44521321,1776038399999
1776038400000,0.0044614,0.004465,0.004424,0.004424,942639.49198022,1776067199999
1776067200000,0.0044491,0.0045021,0.0044202,0.0044888,1194782.13877748,1776095999999
1776096000000,0.0044802,0.0044804,0.0044682,0.0044682,86706.1229971,1776124799999
1776124800000,0.0045942,0.0046233,0.0045473,0.0046179,1146409.60432185,1776153599999
1776153600000,0.004598,0.004598,0.0045979,0.0045979,84917.14114745,1776182399999
1776182400000,0.0045694,0.00462,0.0045694,0.00462,72377.98113625,1776211199999
1776211200000,0.0045854,0.0047113,0.0045854,0.0047113,1140485.72307637,1776239999999
1776240000000,0.0046991,0.004762,0.0046766,0.0046766,1018481.34582801,1776268799999
1776268800000,0.0046506,0.0047149,0.00465,0.0046899,2597706.73407232,1776297599999
1776297600000,0.0047646,0.0051656,0.0047509,0.0048609,9445129.87693003,1776326399999
1776326400000,0.004848,0.0048532,0.0047864,0.0048158,1387954.86513807,1776355199999
1776355200000,0.0048268,0.0048483,0.0048268,0.0048483,22391.46486623,1776383999999
1776384000000,0.0048675,0.0048676,0.0047213,0.0047469,2613001.94268471,1776412799999
1776412800000,0.0047997,0.0048384,0.0047505,0.0048384,3346495.94027298,1776441599999
1776441600000,0.0048636,0.0048918,0.0048293,0.0048624,23029.27014534,1776470399999
1776470400000,0.0048776,0.0048776,0.0048372,0.0048372,577649.35419132,1776499199999
1776499200000,0.0047282,0.0047714,0.0047281,0.0047714,81082.57020772,1776527999999
1776528000000,0.004682,0.0047033,0.004682,0.0047031,450828.09486768,1776556799999
1776556800000,0.0046188,0.0046322,0.0046075,0.0046322,46272.75103717,1776585599999
1776585600000,0.0046397,0.0046471,0.0046397,0.0046471,600196.62549345,1776614399999
1776614400000,0.0046157,0.0046292,0.004545,0.004545,840044.71479721,1776643199999
1776672000000,0.0046643,0.0046792,0.0046575,0.0046616,31821.41300896,1776700799999
1776700800000,0.0047631,0.0047898,0.0047588,0.0047588,72288.47854503,1776729599999
1776729600000,0.0046705,0.0046705,0.0046693,0.0046693,3154.01274311,1776758399999
1776758400000,0.0046624,0.004713,0.0046565,0.0046858,1287152.39233771,1776787199999
1776787200000,0.0046986,0.0046986,0.0046842,0.0046842,828370.15281146,1776815999999
1776816000000,0.0047792,0.0048569,0.0047792,0.0048569,252009.50528185,1776844799999
1776844800000,0.0048571,0.0048571,0.0047929,0.0047986,136988.67173094,1776873599999
1776873600000,0.0048068,0.0048334,0.004777,0.004777,866370.79913141,1776902399999
1776902400000,0.0047659,0.0047659,0.0047239,0.004724,83720.67154694,1776931199999
1776931200000,0.0046879,0.0047224,0.0046879,0.0047172,76513.53837634,1776959999999
1776960000000,0.0047402,0.0047402,0.004719,0.004719,13125.65313699,1776988799999
1776988800000,0.0047875,0.0048378,0.0047819,0.0048378,1087182.115197,1777017599999
1777017600000,0.004783,0.00487,0.004783,0.0048494,2928904.25031492,1777046399999
1777046400000,0.0048972,0.0049212,0.0048618,0.0049212,1987910.12440532,1777075199999
1777075200000,0.0049646,0.005,0.0048115,0.0048115,2664416.43906459,1777103999999
1777104000000,0.00481,0.0048495,0.0047983,0.004826,3407137.95287061,1777132799999
1777132800000,0.0048539,0.0048539,0.00485,0.00485,4256.28658604,1777161599999
1777161600000,0.0052225,0.005752,0.0047373,0.0048376,2.429045121774875E7,1777190399999
1777190400000,0.0048459,0.0048459,0.0047982,0.0048337,1640675.04071676,1777219199999
1777219200000,0.0048634,0.0049236,0.0048587,0.0049152,3334260.75208249,1777247999999
1777248000000,0.0048834,0.0048928,0.004797,0.0048207,1470151.39035224,1777276799999
1777276800000,0.0047709,0.0047709,0.0047,0.0047,265168.43367667,1777305599999
1777305600000,0.0047002,0.0047592,0.0047002,0.0047556,3585364.9717343,1777334399999
1777334400000,0.0047587,0.004825,0.0047587,0.0047775,2055003.09797674,1777363199999
1777363200000,0.0047855,0.0047908,0.004745,0.004745,3499269.17982936,1777391999999
1777392000000,0.0047839,0.0048101,0.0047817,0.0047891,3125286.21958605,1777420799999
1777420800000,0.0047867,0.0048208,0.0047706,0.0047816,4731236.67167019,1777449599999
1777449600000,0.0047809,0.0047915,0.0046896,0.0046896,1963693.89336062,1777478399999
1777478400000,0.0046586,0.0046586,0.0045881,0.0045881,81708.21753199,1777507199999
1777507200000,0.0046168,0.0046168,0.0046168,0.0046168,2071.17186363,1777535999999
1777536000000,0.0046205,0.0046205,0.0045593,0.0045593,223801.33274504,1777564799999
1777564800000,0.0045873,0.0046,0.0045741,0.0045799,335473.94115719,1777593599999
1777593600000,0.0045507,0.0045892,0.0045262,0.004546,1666162.60193991,1777622399999
1777622400000,0.0045884,0.0046021,0.0045609,0.004594,53834.03335737,1777651199999
1777651200000,0.0046042,0.0046127,0.0046,0.0046106,1024863.58367509,1777679999999
1777680000000,0.0046306,0.0046306,0.0046306,0.0046306,4535.1224365,1777708799999
1777708800000,0.0046437,0.0046986,0.0046437,0.0046986,61553.46824464,1777737599999
1777737600000,0.0046988,0.0046988,0.0046966,0.0046966,106223.00898938,1777766399999
1777766400000,0.0046656,0.0046656,0.0046656,0.0046656,0.55340561,1777795199999
1777795200000,0.0046903,0.0046943,0.0046551,0.0046767,1522172.39258205,1777823999999
1777824000000,0.0046778,0.0046778,0.0046738,0.0046738,32571.54220762,1777852799999
1777852800000,0.004736,0.0047658,0.004736,0.0047375,27952.80951081,1777881599999
1777881600000,0.0047299,0.0047474,0.004707,0.0047276,1961.20614968,1777910399999
1777910400000,0.0047457,0.0047814,0.0047457,0.0047716,56669.62242367,1777939199999
1777939200000,0.0048208,0.0051562,0.0047314,0.0047771,1.425176874658992E7,1777967999999
1777968000000,0.0047786,0.0048206,0.0047597,0.0048193,604657.30263957,1777996799999
1777996800000,0.0048278,0.0048419,0.0048102,0.004835,2278351.43720916,1778025599999
1778025600000,0.0048173,0.0048648,0.0048173,0.0048648,267603.46741102,1778054399999
1778054400000,0.0048931,0.0049421,0.0048846,0.0049015,184937.57043073,1778083199999
1778083200000,0.0049079,0.0049182,0.0049025,0.0049182,162618.77314558,1778111999999
1778112000000,0.004826,0.0049093,0.0048235,0.0049093,198887.743399,1778140799999
1778140800000,0.0049,0.0049303,0.0048599,0.0048614,1570659.09105011,1778169599999
1778169600000,0.0048651,0.0049898,0.0048651,0.0049674,72341.46282768,1778198399999
1778198400000,0.0049191,0.0049199,0.0049191,0.0049199,40654.53833157,1778227199999
1778227200000,0.00494,0.00494,0.004939,0.004939,327035.61881298,1778255999999
1778256000000,0.0050469,0.0050655,0.0050209,0.0050574,448156.07405543,1778284799999
1778284800000,0.0053153,0.0054,0.0051219,0.0051263,7449922.43813035,1778313599999
1778313600000,0.0051528,0.005155,0.0050516,0.0051356,2573121.58950159,1778342399999
1778342400000,0.005089,0.0051268,0.005089,0.0051011,727302.82406457,1778371199999
1778371200000,0.0050991,0.0050991,0.0050945,0.0050945,199056.02290659,1778399999999
1778400000000,0.0051038,0.0051359,0.0050782,0.0051359,214280.30844584,1778428799999
1778428800000,0.0051735,0.0051835,0.0051693,0.0051693,212364.7101571,1778457599999
1778457600000,0.0051373,0.0051373,0.0050965,0.0050965,608829.2648611,1778486399999
1778486400000,0.0050588,0.0050835,0.0050529,0.0050835,84240.43311571,1778515199999
1778515200000,0.0050822,0.0051137,0.0050822,0.0051048,205409.38153255,1778543999999
1778544000000,0.005107,0.005107,0.0050723,0.0050771,440281.18907958,1778572799999
1778572800000,0.0050776,0.0050917,0.0048517,0.0050344,414343.22384602,1778601599999
1778601600000,0.0050647,0.0050782,0.0050601,0.0050601,1345276.10781895,1778630399999
1778630400000,0.0050752,0.0050884,0.0050695,0.0050884,29040.17985768,1778659199999
1778659200000,0.0050929,0.0051113,0.0048588,0.0048588,2017917.60563447,1778687999999
1778688000000,0.0048456,0.0048649,0.0048414,0.0048561,154524.83664359,1778716799999
1778716800000,0.0048747,0.0048747,0.0048572,0.0048572,41991.90564259,1778745599999
1778745600000,0.0048209,0.0049301,0.0048,0.0049273,747442.33125558,1778774399999
1778774400000,0.004975,0.004975,0.004975,0.004975,98940.70351759,1778803199999
1778803200000,0.0049,0.0049079,0.0048975,0.0049079,124848.44874906,1778831999999
1778832000000,0.0048713,0.0048975,0.0045242,0.0046958,2292786.55762481,1778860799999
1778860800000,0.00475,0.004757,0.0047203,0.0047246,202707.56555892,1778889599999
1778889600000,0.0047207,0.0047445,0.0045779,0.0045779,1185888.31462682,1778918399999
1778918400000,0.004524,0.0045368,0.0044887,0.0045312,598175.08805649,1778947199999
1778947200000,0.0045717,0.0045759,0.0045568,0.0045759,415431.84383944,1778975999999
1779004800000,0.0045538,0.0045838,0.0045376,0.0045376,3433878.64438668,1779033599999
1779033600000,0.0045,0.004543,0.0043649,0.0043755,3522563.23350112,1779062399999
1779062400000,0.0044755,0.0044755,0.0043796,0.0043796,265932.78311878,1779091199999
1779091200000,0.0043636,0.0043931,0.0043636,0.0043742,118958.79586314,1779119999999
1779120000000,0.0043572,0.0043858,0.004299,0.0043839,255392.83920625,1779148799999
1779148800000,0.0044531,0.0046363,0.0043127,0.0044247,947345.49533227,1779177599999
1779177600000,0.0043806,0.0043806,0.004358,0.004358,1582098.02764529,1779206399999
1779206400000,0.0043417,0.0043417,0.0043417,0.0043417,2077.77777778,1779235199999
1779264000000,0.0044219,0.0044479,0.0044124,0.0044479,632356.47752421,1779292799999
1779292800000,0.0045303,0.0045303,0.004479,0.004479,133113.73725801,1779321599999
1779321600000,0.0045367,0.0045367,0.0045197,0.0045197,1316328.63159849,1779350399999
1779350400000,0.0045822,0.0046429,0.0045496,0.0046429,1661599.43151731,1779379199999
1779379200000,0.0046219,0.0046905,0.0046131,0.0046905,2369477.92449759,1779407999999
1779408000000,0.0046499,0.0046629,0.004624,0.004624,864444.56632073,1779436799999
1779436800000,0.0046718,0.0046719,0.0046035,0.0046035,105820.58713159,1779465599999
1779465600000,0.0046162,0.0046165,0.0045451,0.004577,553643.77543767,1779494399999
1779494400000,0.0046007,0.0047002,0.0045429,0.0046292,4432750.89775204,1779523199999
1779523200000,0.0046232,0.0046232,0.0044304,0.0045917,5785690.12031262,1779551999999
1779552000000,0.0046014,0.004729,0.0046014,0.0046976,1726230.79660072,1779580799999
1779580800000,0.0046909,0.0046909,0.0046909,0.0046909,425677.37534375,1779609599999
1779609600000,0.0046514,0.0046514,0.0045665,0.0045665,1077338.83002238,1779638399999
1779638400000,0.0046049,0.0046049,0.0045,0.0045369,822591.06259078,1779667199999
1779667200000,0.0046277,0.0046633,0.0046277,0.0046633,84082.79602908,1779695999999
1779696000000,0.0046361,0.0046403,0.0045864,0.0046292,1541305.96337639,1779724799999
1779724800000,0.0046434,0.0046888,0.0046224,0.0046224,7050261.13455506,1779753599999
1779753600000,0.0046471,0.0046471,0.0045353,0.0045359,141928.65813756,1779782399999
1779782400000,0.0045258,0.0045665,0.0045258,0.0045429,56953.41423687,1779811199999
1779811200000,0.0045216,0.0045223,0.004472,0.0045012,63561.58178883,1779839999999
1779840000000,0.0044095,0.0044342,0.0044095,0.0044342,26113.45857424,1779868799999
1779868800000,0.0044556,0.0044727,0.004379,0.0044727,662096.17189957,1779897599999
1779897600000,0.0044621,0.0044621,0.0043432,0.0043432,1507056.32232535,1779926399999
1779926400000,0.00425,0.00425,0.0041429,0.0041429,1574364.8679213,1779955199999
1779955200000,0.0041714,0.0041714,0.0041102,0.0041161,1820393.35025098,1779983999999
1779984000000,0.0041723,0.0042262,0.0041723,0.0042262,651292.74419693,1780012799999
1780012800000,0.0041618,0.004204,0.0041495,0.004204,758312.27094349,1780041599999
1780041600000,0.0041802,0.0041802,0.00405,0.0041415,3580184.20452212,1780070399999
1780070400000,0.0041573,0.0041743,0.0040942,0.0041512,1549481.4286354,1780099199999
1780099200000,0.0042022,0.0042704,0.0041618,0.0042657,123438.92904952,1780127999999
1780128000000,0.0042616,0.0042952,0.0042616,0.0042936,3684863.36144465,1780156799999
1780156800000,0.0043198,0.004338,0.0042678,0.004338,2765014.02309957,1780185599999
1780185600000,0.0043743,0.0045,0.0042611,0.0042678,7108911.26388799,1780214399999
1780214400000,0.004279,0.0044083,0.0042559,0.004258,1.371922990033915E7,1780243199999
1780243200000,0.004241,0.0043204,0.004241,0.0043204,515624.56772367,1780271999999
1780272000000,0.0043275,0.0043275,0.00425,0.00425,323095.81177017,1780300799999
1780300800000,0.0041983,0.0042312,0.004155,0.0042064,3386208.31405172,1780329599999
1780329600000,0.0042927,0.0043213,0.004241,0.004241,794900.84354569,1780358399999
1780358400000,0.0042577,0.0042577,0.0041705,0.0041706,131646.54720777,1780387199999
1780387200000,0.0041318,0.0041853,0.0039822,0.0040143,1.218412421743032E7,1780415999999
1780416000000,0.0040098,0.0040934,0.0039171,0.0039576,6468953.2719176,1780444799999
1780444800000,0.0039864,0.0040934,0.00391,0.0040934,2820856.46676816,1780473599999
1780473600000,0.0040932,0.0041016,0.0040834,0.0040834,72864.17242881,1780502399999
1780502400000,0.0040473,0.0040844,0.0039632,0.0040146,4868486.62435675,1780531199999
1780531200000,0.0039959,0.0039959,0.003611,0.0037515,3.674707376432215E7,1780559999999
1780560000000,0.0037281,0.0037578,0.003601,0.0037466,1.358523155457805E7,1780588799999
1780588800000,0.003765,0.0037721,0.003633,0.003633,1995588.4397761,1780617599999
1780617600000,0.00363,0.00363,0.0033571,0.0034486,2481112.63563169,1780646399999
1780646400000,0.0033969,0.0034989,0.003389,0.0034133,2919915.72908778,1780675199999
1780675200000,0.0033965,0.0034771,0.0033164,0.0033249,5402966.79390002,1780703999999
1780704000000,0.0032909,0.0032909,0.0031376,0.0032674,1910765.4954445,1780732799999
1780732800000,0.0032977,0.0033416,0.0032353,0.00331,1528044.32002316,1780761599999
1780761600000,0.0033095,0.0033095,0.0032492,0.0033057,1701214.73848055,1780790399999
1780790400000,0.0033014,0.0033906,0.0033014,0.0033906,336563.26147529,1780819199999
1780819200000,0.0033617,0.0033809,0.0033418,0.003367,1246112.02128714,1780847999999
1780848000000,0.003352,0.0034319,0.0032659,0.003403,2119493.41151721,1780876799999
1780876800000,0.003404,0.003404,0.0032741,0.0033642,5158033.25517768,1780905599999
1780905600000,0.0033479,0.0034825,0.0033356,0.0034539,1.28143575174923E7,1780934399999
1780934400000,0.0034534,0.0034808,0.003377,0.003377,3137531.4369739,1780963199999
1780963200000,0.003388,0.003388,0.0032531,0.0032918,2677789.32282082,1780991999999
1780992000000,0.0032743,0.0032846,0.0031911,0.0031998,3807142.12039741,1781020799999
1781020800000,0.003195,0.0032682,0.0031756,0.0032429,802446.95200213,1781049599999
1781049600000,0.0032302,0.0032588,0.0032102,0.0032289,1948167.95590654,1781078399999
1781078400000,0.0032127,0.0032755,0.0031974,0.0032637,2599730.19535655,1781107199999
1781107200000,0.0032503,0.0032503,0.0031047,0.0031742,7412778.07694823,1781135999999
1781136000000,0.0031892,0.0034165,0.003186,0.0033192,1.959744366915906E7,1781164799999
1781164800000,0.0033187,0.0035206,0.0032887,0.0034564,1.610829199010964E7,1781193599999
1781193600000,0.0034591,0.0034771,0.0033708,0.0034046,5722015.23217022,1781222399999
1781222400000,0.0034047,0.0034219,0.0033225,0.0033225,1021520.0001271,1781251199999
1781251200000,0.0033574,0.0033884,0.0033478,0.0033557,1290739.28048981,1781279999999
1781280000000,0.0033552,0.0033688,0.0033317,0.0033569,2815395.51888902,1781308799999
1781308800000,0.00336,0.00339,0.0033309,0.003387,6126778.70693754,1781337599999
1781337600000,0.0033852,0.003407,0.0033483,0.003407,5698458.35617958,1781366399999
1781366400000,0.0034035,0.0034743,0.0033825,0.0034718,1.025940734302793E7,1781395199999
1781395200000,0.0034767,0.0034767,0.003402,0.003402,1.276844346686456E7,1781423999999
1781424000000,0.0034087,0.0034236,0.0033609,0.0033682,1750125.80899032,1781452799999
1781452800000,0.0033652,0.0034777,0.0033412,0.0034431,180922.3624105,1781481599999
1781481600000,0.003431,0.003439,0.0034228,0.0034321,1900412.56585909,1781510399999
1781510400000,0.0034947,0.0035608,0.0034889,0.0035316,1618869.45513758,1781539199999
1781539200000,0.0035548,0.0035853,0.0034835,0.0035037,7626435.49767007,1781567999999
1781568000000,0.0035015,0.0035015,0.0034473,0.0034569,4570190.52137662,1781596799999
1781596800000,0.0034726,0.0034986,0.0034093,0.0034302,2767881.80361625,1781625599999
1781625600000,0.0034468,0.0034833,0.0034196,0.0034551,2143833.2455434,1781654399999
1781654400000,0.0034365,0.0034696,0.0033992,0.0034256,5757315.87728679,1781683199999
1781683200000,0.0034043,0.0034099,0.0033494,0.0034099,1247039.49124672,1781711999999
1781712000000,0.0034582,0.0034654,0.0033842,0.0034473,2473999.17002178,1781740799999
1781740800000,0.0034614,0.0034865,0.0033398,0.0033877,6419766.63907938,1781769599999
1781769600000,0.0033721,0.0033884,0.0031857,0.0031857,1861756.18943575,1781798399999
1781798400000,0.0031976,0.0032894,0.0031976,0.0032807,3715302.78325307,1781827199999
1781827200000,0.0033136,0.0033136,0.0032442,0.0032526,538321.94539427,1781855999999
1781856000000,0.0032431,0.0032847,0.003217,0.0032788,7018978.83615817,1781884799999
1781884800000,0.0032714,0.0032838,0.0032137,0.0032137,1500644.16552298,1781913599999
1781913600000,0.0032361,0.0034214,0.0032116,0.0033358,2.345529207304229E7,1781942399999
1781942400000,0.003357,0.0034512,0.0033147,0.0033818,9107646.69350745,1781971199999
1781971200000,0.0033782,0.0034145,0.0033663,0.003402,2881622.27559091,1781999999999
1782000000000,0.0033841,0.0033841,0.0033333,0.0033391,2049174.80279194,1782028799999
1782028800000,0.0033237,0.0033488,0.0033193,0.0033453,4406999.87934711,1782057599999
1782057600000,0.0033348,0.0033348,0.0032673,0.0032673,1839708.15735334,1782086399999
1782086400000,0.0032671,0.0033366,0.0032671,0.0032722,2884925.92075431,1782115199999
1782115200000,0.0032627,0.0033264,0.0032627,0.003293,4366830.9731029,1782143999999
1782144000000,0.0032849,0.0032849,0.0031816,0.0031934,1906000.76662948,1782172799999
1782172800000,0.0031802,0.0032195,0.00309,0.0031377,3797788.65680179,1782201599999
1782201600000,0.0031192,0.0031496,0.0030716,0.0031481,3091201.46947764,1782230399999
1782230400000,0.003103,0.003126,0.0030843,0.0031212,2126078.40554323,1782259199999
1782259200000,0.0032118,0.0032513,0.0030447,0.003093,6565587.13508704,1782287999999
1782288000000,0.0030826,0.0031034,0.0029692,0.0029692,4286732.71186881,1782316799999
1782316800000,0.0029724,0.0030099,0.0028667,0.0029917,5239797.38430863,1782345599999
1782345600000,0.0029844,0.0029844,0.0029438,0.0029804,721593.69281059,1782374399999
1782374400000,0.0030267,0.0030267,0.0027798,0.0029024,9226296.56581374,1782403199999
1782403200000,0.0029195,0.0029298,0.0028584,0.0029144,2238891.64918633,1782431999999
1782432000000,0.0029418,0.0030046,0.002864,0.0029816,6221149.32171964,1782460799999
1782460800000,0.002978,0.0030833,0.0029004,0.0030495,1301411.00658716,1782489599999
1782489600000,0.0031,0.0031232,0.0030178,0.0030262,3722684.09758816,1782518399999
1782518400000,0.0030708,0.0032377,0.0029746,0.0029862,1.084888182441572E7,1782547199999
1782547200000,0.0029882,0.0029996,0.0029641,0.0029996,1548514.9800962,1782575999999
1782576000000,0.0029701,0.0029701,0.0029189,0.0029508,2322608.54082128,1782604799999
1782604800000,0.0029443,0.0029671,0.0029353,0.0029353,1340637.92385861,1782633599999
1782633600000,0.0029336,0.0029546,0.0029234,0.0029357,3612964.48167456,1782662399999
1782662400000,0.0029216,0.0029216,0.0028827,0.0029194,3144168.62455048,1782691199999
1782691200000,0.0029103,0.0029469,0.002884,0.0029465,2702289.87142771,1782719999999
1782720000000,0.0029432,0.0029432,0.0028894,0.002911,928721.52219898,1782748799999
1782748800000,0.0029319,0.0029837,0.0029238,0.0029318,602550.71401216,1782777599999
1782777600000,0.0029238,0.0029238,0.0028907,0.0029041,1843772.34845774,1782806399999
1782806400000,0.0028915,0.0028987,0.0028373,0.002888,3809192.371376,1782835199999
1782835200000,0.0028904,0.0028904,0.0028681,0.0028816,3521878.61744091,1782863999999
1782864000000,0.0028332,0.002901,0.0028251,0.0028523,4313484.66128448,1782892799999
1782892800000,0.0028589,0.0029999,0.0028589,0.0029897,4327056.37040317,1782921599999
1782921600000,0.0029842,0.0030091,0.0029321,0.002978,7998165.72810833,1782950399999
1782950400000,0.0029697,0.0030216,0.0029466,0.0030216,5889323.48121294,1782979199999
1782979200000,0.003059,0.0030988,0.0030463,0.0030645,1.779300812072879E7,1783007999999
1783008000000,0.003049,0.0030914,0.0030397,0.0030877,2276021.37971908,1783036799999
1783036800000,0.0030941,0.0031218,0.0030703,0.0031218,5161095.00868947,1783065599999
1783065600000,0.003142,0.0031678,0.0031378,0.0031456,2690126.49226904,1783094399999
1783094400000,0.0031427,0.0032041,0.0031427,0.0032011,1171971.50314902,1783123199999
1783123200000,0.0032377,0.003416,0.0031175,0.0031181,1.528987082316676E7,1783151999999
1783152000000,0.003115,0.0031549,0.0031085,0.0031541,790772.04947197,1783180799999
1783180800000,0.003166,0.0031799,0.0031227,0.0031227,3707170.82104063,1783209599999
1783209600000,0.0031075,0.0031075,0.0030628,0.0030721,4452525.41008309,1783238399999
1783238400000,0.0030336,0.0030687,0.0030336,0.0030532,1836592.51988783,1783267199999
1783267200000,0.0030575,0.0031031,0.0030495,0.0031031,667611.31080538,1783295999999
1783296000000,0.0030819,0.0030819,0.0030177,0.0030177,1348155.60653383,1783324799999
1783324800000,0.0029858,0.0030179,0.0029382,0.0030179,6067872.26012694,1783353599999
1783353600000,0.003059,0.0030591,0.0030401,0.0030471,486886.37672782,1783382399999
1783382400000,0.0030253,0.0030253,0.0029403,0.002947,3340087.87276757,1783411199999
1783411200000,0.0029427,0.0029737,0.0029253,0.0029737,4891663.38726749,1783439999999
1783440000000,0.0029791,0.0029847,0.0029243,0.0029284,5401333.30349904,1783468799999
1783468800000,0.0029364,0.0029364,0.0028402,0.0028402,970061.78221224,1783497599999
1783497600000,0.0028604,0.0028604,0.0027964,0.0028229,4385231.43910795,1783526399999
1783526400000,0.0028282,0.0028379,0.0028027,0.0028183,1477759.63516457,1783555199999
1783555200000,0.0028277,0.002864,0.0027945,0.0028608,6432200.50110597,1783583999999
1783584000000,0.0028534,0.0028943,0.0028534,0.0028797,4029322.68159395,1783612799999
1783612800000,0.002868,0.002936,0.0028622,0.0029033,4571553.31260605,1783641599999
1783641600000,0.0028998,0.0030084,0.0028954,0.002976,4209161.37081113,1783670399999
1783670400000,0.0029695,0.0032276,0.0029534,0.0030806,2.402273757382132E7,1783699199999
1783699200000,0.0030807,0.0032637,0.0030686,0.0031849,4.79579401616468E7,1783727999999
1783728000000,0.0031923,0.0032598,0.0030539,0.003073,1.144798541119356E7,1783756799999
1783756800000,0.0030756,0.0030838,0.0030351,0.0030742,2795784.87614281,1783785599999
1783785600000,0.0030583,0.0030583,0.0029865,0.00299,5978378.33968579,1783814399999
1783814400000,0.0029794,0.0031008,0.002966,0.0029814,7167787.98600357,1783843199999
1783843200000,0.0029831,0.0030296,0.0029739,0.003023,1.047038242872662E7,1783871999999
1783872000000,0.0030452,0.0030452,0.0029584,0.0029678,3762272.02097899,1783900799999
1783900800000,0.0030004,0.0030004,0.0028829,0.0029087,1698236.49482715,1783929599999
1783929600000,0.0028719,0.0028978,0.0028677,0.0028978,19557.77098101,1783958399999
1783958400000,0.0028719,0.0028992,0.0028611,0.0028809,1384108.77297615,1783987199999
1783987200000,0.002891,0.0029545,0.0028678,0.0029287,3389619.84271519,1784015999999
1784016000000,0.0029286,0.0029575,0.0029076,0.0029575,3981517.22566043,1784044799999
1784044800000,0.0029702,0.0029702,0.0029521,0.002963,200170.47256656,1784073599999
1784073600000,0.002938,0.002971,0.0029361,0.0029662,2369768.39619019,1784102399999
1784102400000,0.0029669,0.0029901,0.0029353,0.0029901,1158959.11666968,1784131199999
1784131200000,0.0029395,0.0029972,0.0029236,0.0029951,4562534.19195407,1784159999999
1784160000000,0.0029636,0.0029658,0.0029636,0.0029639,1202913.06779585,1784188799999
1784188800000,0.0029262,0.002959,0.0029029,0.002959,651495.26762047,1784217599999
1784217600000,0.0029596,0.0030035,0.0028971,0.0028971,2118558.91490688,1784246399999
1784246400000,0.0028976,0.0029032,0.002838,0.0028387,6759636.09871468,1784275199999
1784275200000,0.0028193,0.0028793,0.0028193,0.0028596,373459.17168403,1784303999999
1784304000000,0.0028699,0.0028879,0.0028604,0.0028604,104276.25596949,1784332799999
1784332800000,0.0028797,0.0028797,0.0028161,0.0028168,4610193.47018002,1784361599999
1784361600000,0.0028009,0.0028009,0.002793,0.002793,116425.2282287,1784390399999
1784390400000,0.0028088,0.0028237,0.0028088,0.0028235,256762.94681797,1784419199999
1784419200000,0.0028393,0.0028393,0.0028312,0.0028312,105686.48038693,1784447999999
1784448000000,0.0028102,0.002852,0.0027781,0.002785,1.061843245376467E7,1784476799999
1784476800000,0.0027803,0.0027803,0.0027506,0.0027576,1501626.24995621,1784505599999
1784505600000,0.0027335,0.0027335,0.0027196,0.0027196,73376.15273764,1784534399999
1784534400000,0.002747,0.0027884,0.0027393,0.0027393,858404.4014904,1784563199999
1784563200000,0.00279,0.002798,0.0027778,0.0027835,410273.91152832,1784591999999
1784592000000,0.0028036,0.002886,0.002798,0.0028659,1836605.70266573,1784620799999
1784620800000,0.0028604,0.0028809,0.002845,0.0028468,3116859.90661234,1784649599999
1784649600000,0.0028415,0.0028415,0.0028252,0.0028366,272697.71489923,1784678399999
1784678400000,0.0028421,0.0029256,0.0028081,0.0028198,9464493.83666721,1784707199999
1784707200000,0.0028385,0.002885,0.0028385,0.0028394,2265923.96182603,1784735999999
1784736000000,0.0028854,0.002895,0.0028526,0.0028526,1696050.28098979,1784764799999
1784793600000,0.0028647,0.0029204,0.0028614,0.0029106,5105103.5059995,1784822399999
1784822400000,0.0029129,0.0029989,0.0028917,0.0029022,1.450766034055749E7,1784851199999
1784851200000,0.0028959,0.0030558,0.0027877,0.002871,4.033478322693333E7,1784879999999
1784880000000,0.002881,0.0028973,0.0028403,0.0028403,5284886.64433877,1784908799999
1784908800000,0.0028306,0.0028506,0.0028102,0.0028182,1727016.36938735,1784937599999
1784937600000,0.0028256,0.0028477,0.0027829,0.0027841,2798280.80411813,1784966399999
1784966400000,0.0027801,0.002816,0.0027526,0.0028101,1206182.85423189,1784995199999
1784995200000,0.0028132,0.0028261,0.0028064,0.0028148,1358407.3014597,1785023999999
1785024000000,0.0028054,0.0028175,0.0027945,0.0028014,2473014.07059883,1785052799999
1785052800000,0.002816,0.00282,0.0027905,0.0027908,3343470.96980173,1785081599999
1785081600000,0.0028078,0.0028257,0.0027895,0.0028257,3522224.12838104,1785110399999
1785110400000,0.0028054,0.0028256,0.0028012,0.0028012,2333692.67976028,1785139199999
1785139200000,0.0027766,0.0027861,0.0026804,0.0026886,6826722.66971264,1785167999999
1785168000000,0.0026962,0.002722,0.0026242,0.00264,4964116.43628145,1785196799999
1785196800000,0.0026409,0.0026418,0.0026,0.0026128,4772402.19545506,1785225599999
1785225600000,0.0026218,0.0026218,0.002579,0.0026068,7736749.86199812,1785254399999
1785254400000,0.0026307,0.0026375,0.0026096,0.0026343,1605223.53150005,1785283199999
1785283200000,0.0026479,0.002655,0.0025244,0.002562,1.36669203249152E7,1785311999999
1785312000000,0.0025548,0.0025646,0.0025278,0.0025278,3096022.18235124,1785340799999
1785340800000,0.0025234,0.0025815,0.002437,0.0024947,4070317.17187662,1785369599999
1785369600000,0.0025027,0.0025833,0.0024873,0.0025631,6829685.41946797,1785398399999
1785398400000,0.0025686,0.0025835,0.002513,0.002513,4428640.20316451,1785427199999
1785427200000,0.002509,0.0025175,0.002496,0.0025015,1002019.8817174,1785455999999
1785456000000,0.0024999,0.0025278,0.0024917,0.0025204,1661719.54409355,1785484799999
1785484800000,0.0025201,0.0025447,0.0024819,0.002485,5277395.83964506,1785513599999
1785513600000,0.00249,0.0024955,0.0024644,0.0024676,3421473.18022024,1785542399999
1785542400000,0.0024734,0.002499,0.0024684,0.0024753,3346791.29123201,1785571199999
1785571200000,0.0024853,0.002501,0.0024744,0.0024744,2754683.64190258,1785599999999
1785600000000,0.0024887,0.002505,0.0024436,0.0024488,1096818.4637726,1785628799999
1785628800000,0.0024575,0.002484,0.0024575,0.002474,342630.0035451,1785657599999
1785657600000,0.0024574,0.0024574,0.0024202,0.0024397,1256787.94986251,1785686399999
1785686400000,0.002454,0.0024624,0.0024448,0.0024455,1785351.98560993,1785715199999
1785715200000,0.0024521,0.0024521,0.0024114,0.0024142,3800581.90341748,1785743999999
1785744000000,0.0024158,0.0024705,0.0023992,0.0024622,4526575.05508507,1785772799999
1785772800000,0.0024629,0.002472,0.0024427,0.0024513,1455340.87413433,1785801599999
1785801600000,0.0024334,0.0024682,0.0024325,0.0024356,3603543.97206101,1785830399999
1785830400000,0.0024234,0.0024332,0.0024223,0.0024223,263203.99600992,1785859199999
1785859200000,0.0024418,0.0024476,0.002422,0.0024279,1024498.11229912,1785887999999
1785888000000,0.0024132,0.0024481,0.0024091,0.0024423,2283948.46145559,1785916799999
1785916800000,0.0024444,0.0024858,0.0024313,0.0024313,7429876.88048382,1785945599999
1785945600000,0.0024603,0.0024603,0.0024398,0.0024421,604151.36592957,1785974399999
1785974400000,0.0024412,0.0024751,0.0024308,0.0024616,2321573.65478015,1786003199999
1786003200000,0.0024722,0.0025183,0.0024636,0.0024988,8194217.92756001,1786031999999
1786032000000,0.0024972,0.0025055,0.0024618,0.0024658,865676.06243639,1786060799999
1786060800000,0.0024952,0.0025207,0.0024854,0.0024983,2484454.24138634,1786089599999
1786089600000,0.0024983,0.0024983,0.0024728,0.0024728,493716.69737289,1786118399999
1786118400000,0.0024739,0.0024748,0.0024421,0.0024432,2482705.27364881,1786147199999
1786147200000,0.0024428,0.0024505,0.0024196,0.0024439,984065.86097229,1786175999999
1786176000000,0.0024429,0.0024901,0.0024429,0.0024857,5309224.74490329,1786204799999
1786204800000,0.0025071,0.0025071,0.0024675,0.0024675,4234823.79932084,1786233599999
1786233600000,0.002477,0.0025011,0.0024702,0.0024867,2479925.99926006,1786262399999
1786262400000,0.0024903,0.0025096,0.002484,0.002489,3468184.85025592,1786291199999
1786291200000,0.002494,0.00256,0.002494,0.0025139,2.062703672143417E7,1786319999999
1786320000000,0.0025319,0.0025319,0.0024926,0.0025018,7018768.80220457,1786348799999
1786348800000,0.0024948,0.0025216,0.0024858,0.0024858,4411720.74628923,1786377599999
1786377600000,0.002496,0.0026888,0.0024953,0.0026314,2.405468452155825E7,1786406399999
1786406400000,0.0026124,0.0026406,0.0025256,0.0025717,3.689842674419673E7,1786435199999
1786435200000,0.002577,0.0025859,0.0024251,0.0024253,1.937877827457882E7,1786463999999
1786464000000,0.0024114,0.0024114,0.0023193,0.0023631,1.679590684105431E7,1786492799999
1786492800000,0.0023703,0.002439,0.0023491,0.0024277,7775739.37993174,1786521599999
1786521600000,0.0024202,0.0024477,0.002397,0.002397,4127263.70116327,1786550399999
1786550400000,0.0023901,0.0024305,0.0023668,0.0023736,3291102.89389511,1786579199999
1786579200000,0.0023758,0.00239,0.0023217,0.002373,4753305.46901398,1786607999999
1786608000000,0.0023885,0.0023885,0.0023559,0.0023658,1136066.72688554,1786636799999
1786636800000,0.002308,0.0023679,0.0023026,0.002362,6376887.68775417,1786665599999
1786665600000,0.0023636,0.0023677,0.002277,0.0022774,5935742.56927368,1786694399999
1786694400000,0.0022826,0.0022992,0.0022562,0.0022854,6767820.80456324,1786723199999
1786723200000,0.0022956,0.002329,0.0022886,0.002329,5121948.06547253,1786751999999
1786752000000,0.0023222,0.0023368,0.0023158,0.0023323,3833933.230677,1786780799999
1786780800000,0.0023288,0.0024914,0.0023202,0.0024093,5.300844816885153E7,1786809599999
1786809600000,0.0024001,0.0024001,0.0023475,0.0023655,8788350.42564726,1786838399999
1786838400000,0.0023638,0.0024699,0.0023334,0.0023985,2.504782834496611E7,1786867199999
1786867200000,0.0023857,0.0024399,0.0023756,0.0024309,8840307.40612655,1786895999999
1786896000000,0.0024209,0.0024363,0.00238,0.0024139,2128830.31712239,1786924799999
1786924800000,0.0024255,0.0024255,0.0023696,0.0023696,5125048.09020222,1786953599999
1786953600000,0.0023678,0.0023956,0.0023673,0.002388,6968897.76312144,1786982399999
1786982400000,0.0023838,0.0023923,0.0023757,0.0023757,1490299.58351245,1787011199999
1787011200000,0.0023645,0.0023645,0.0022908,0.0023015,6170517.40864559,1787039999999
1787040000000,0.0023048,0.0023263,0.0022837,0.0023179,9091290.23471804,1787068799999
1787068800000,0.0023142,0.0023144,0.0022837,0.0022986,2005769.24263027,1787097599999
1787097600000,0.0022904,0.0022909,0.0022484,0.0022599,7092483.33565891,1787126399999
1787126400000,0.0022668,0.0023957,0.0022518,0.0023667,1.705288698972654E7,1787155199999
1787155200000,0.0023637,0.0024364,0.0023459,0.0023871,1.66455220198424E7,1787183999999
1787184000000,0.0023978,0.0024068,0.0023719,0.0023966,4016556.09960776,1787212799999
1787212800000,0.0024364,0.0024836,0.0024128,0.0024777,3937411.79600385,1787241599999
1787241600000,0.002479,0.0025925,0.0024561,0.0025454,1.995035408956957E7,1787270399999
1787270400000,0.0025442,0.0025564,0.0025136,0.0025564,2927262.2448132,1787299199999
1787299200000,0.00257,0.002804,0.00257,0.0027205,2.224107330991495E7,1787327999999
1787328000000,0.0027202,0.002818,0.0027164,0.002818,1.476091316666059E7,1787356799999
1787356800000,0.0028243,0.0029695,0.0026018,0.0027761,2.385460336496977E7,1787385599999
1787385600000,0.0027785,0.0028238,0.0026952,0.0027324,9420476.11714288,1787414399999
1787414400000,0.0027654,0.0027866,0.0026885,0.0027108,888230.32608807,1787443199999
1787443200000,0.0027309,0.0027309,0.0025614,0.0026023,5332596.07193598,1787471999999
