openTime,open,high,low,close,volume,closeTime
1733961600000,0.77543,0.82,0.75561,0.76782,1343483.46053529,1734004799999
1734004800000,0.77317,0.77326,0.72131,0.72874,820844.26021652,1734047999999
1734048000000,0.72345,0.73786,0.70539,0.7335,119643.273077,1734091199999
1734091200000,0.73024,0.73332,0.67777,0.69058,94042.2494446,1734134399999
1734134400000,0.69695,0.71287,0.67373,0.67855,52825.37785049,1734177599999
1734177600000,0.67298,0.67519,0.64261,0.65203,48642.92331033,1734220799999
1734220800000,0.65,0.65706,0.63258,0.64783,17195.46648942,1734263999999
1734264000000,0.64517,0.70542,0.64517,0.69716,99144.73592687,1734307199999
1734307200000,0.69261,0.72399,0.65,0.65032,74025.09556917,1734350399999
1734350400000,0.6597,0.7103,0.65636,0.69628,64082.99082398,1734393599999
1734393600000,0.69792,0.74138,0.67518,0.69713,166996.03237391,1734436799999
1734436800000,0.6944,0.72448,0.66581,0.7081,100401.35368969,1734479999999
1734480000000,0.72069,0.76664,0.69128,0.74441,131103.97616065,1734523199999
1734523200000,0.74646,0.85135,0.70152,0.73452,908716.52797481,1734566399999
1734566400000,0.73327,0.76211,0.655,0.681,220659.5865349,1734609599999
1734609600000,0.67985,0.68171,0.582,0.58478,188977.31066694,1734652799999
1734652800000,0.57975,0.60718,0.49896,0.49896,129509.44877059,1734695999999
1734696000000,0.50358,0.60847,0.50313,0.60653,73875.75810265,1734739199999
1734739200000,0.59833,0.63637,0.59833,0.60398,30313.81959839,1734782399999
1734782400000,0.6039,0.6039,0.56,0.56312,36229.6194981,1734825599999
1734825600000,0.58118,0.59928,0.56173,0.58427,35443.42700713,1734868799999
1734868800000,0.585,0.60464,0.57021,0.57671,10480.06708383,1734911999999
1734912000000,0.56938,0.59382,0.565,0.58507,6325.74042994,1734955199999
1734955200000,0.59138,0.64448,0.57434,0.63964,21454.40008031,1734998399999
1734998400000,0.64128,0.65026,0.62875,0.64171,37498.49939626,1735041599999
1735041600000,0.64591,0.68085,0.6346,0.64927,70157.62214326,1735084799999
1735084800000,0.64303,0.76925,0.63931,0.73913,191632.06265144,1735127999999
1735128000000,0.74717,0.76496,0.68768,0.69549,123421.12221735,1735171199999
1735171200000,0.70063,0.72286,0.65843,0.66953,38790.45151283,1735214399999
1735214400000,0.66271,0.66767,0.64091,0.64992,27891.45808236,1735257599999
1735257600000,0.65265,0.73066,0.65265,0.7282,54154.78150836,1735300799999
1735300800000,0.73396,0.75583,0.70697,0.71195,72842.47550602,1735343999999
1735344000000,0.71671,0.73984,0.69257,0.70448,16942.40151271,1735387199999
1735387200000,0.70618,0.80102,0.6945,0.7625,49030.00572426,1735430399999
1735430400000,0.79194,0.79211,0.72522,0.73831,8816.81795187,1735473599999
1735473600000,0.72623,0.73351,0.69856,0.70007,11692.69420085,1735516799999
1735516800000,0.7099,0.80222,0.70787,0.7787,78105.23093517,1735559999999
1735560000000,0.79007,0.80327,0.7405,0.75189,122617.26742878,1735603199999
1735603200000,0.75211,0.75211,0.715,0.72702,4940.4345562,1735646399999
1735646400000,0.72507,0.7898,0.71312,0.74101,52483.47711113,1735689599999
1735689600000,0.73468,0.74015,0.70445,0.71776,58757.57138188,1735732799999
1735732800000,0.71742,0.733,0.70165,0.72165,44378.08435541,1735775999999
1735776000000,0.71439,0.73628,0.70446,0.72312,21537.5427918,1735819199999
1735819200000,0.71699,0.77358,0.71218,0.74955,78415.78184468,1735862399999
1735862400000,0.74073,0.76001,0.70757,0.71288,15697.23928604,1735905599999
1735905600000,0.71121,0.75308,0.71121,0.73542,31315.47018625,1735948799999
1735948800000,0.73084,0.73084,0.71831,0.71831,36773.54290293,1735991999999
1735992000000,0.72858,0.74556,0.70807,0.73161,94381.51231917,1736035199999
1736035200000,0.72138,0.72704,0.70851,0.72,11161.54724776,1736078399999
1736078400000,0.71717,0.74093,0.71416,0.73015,16496.86862436,1736121599999
1736121600000,0.73549,0.74106,0.71332,0.71817,5609.03534244,1736164799999
1736164800000,0.71863,0.75012,0.71356,0.72749,15392.31933991,1736207999999
1736208000000,0.74714,0.78346,0.74714,0.75571,119621.65468715,1736251199999
1736251200000,0.75511,0.79267,0.72407,0.73175,99460.0130545,1736294399999
1736294400000,0.73,0.73056,0.62445,0.65061,46250.58152585,1736337599999
1736337600000,0.64858,0.67611,0.61764,0.67611,22203.7644005,1736380799999
1736380800000,0.69292,0.69292,0.64489,0.65495,7635.17560878,1736423999999
1736424000000,0.65192,0.71603,0.63525,0.68121,296297.19394234,1736467199999
1736467200000,0.68122,0.71983,0.68122,0.71499,107210.35761865,1736510399999
1736510400000,0.7206,0.83789,0.70057,0.8018,376101.95540421,1736553599999
1736553600000,0.803,0.803,0.75826,0.77294,51279.01315546,1736596799999
1736596800000,0.77165,0.79654,0.76558,0.77443,44473.78125463,1736639999999
1736640000000,0.7799,0.78089,0.75821,0.75991,5351.23179581,1736683199999
1736683200000,0.75591,0.79135,0.75372,0.75482,8286.87690078,1736726399999
1736726400000,0.76238,0.76238,0.6931,0.6931,13251.70081266,1736769599999
1736769600000,0.69547,0.72215,0.67379,0.72215,9881.44810009,1736812799999
1736812800000,0.71913,0.74169,0.71507,0.733,5043.48006754,1736855999999
1736856000000,0.73216,0.73912,0.70162,0.71465,4413.7709327,1736899199999
1736899200000,0.70369,0.70369,0.67244,0.68388,7556.43868908,1736942399999
1736942400000,0.68085,0.73988,0.67711,0.73639,20152.85004505,1736985599999
1736985600000,0.72674,0.73874,0.71454,0.72285,13151.58473466,1737028799999
1737028800000,0.72759,0.73998,0.70348,0.7139,5790.42560406,1737071999999
1737072000000,0.71866,0.7658,0.71866,0.75948,36705.4981806,1737115199999
1737115200000,0.75929,0.78665,0.74163,0.74475,72875.1085275,1737158399999
1737158400000,0.75453,0.76569,0.68875,0.69979,5246.06716403,1737201599999
1737201600000,0.70993,0.71001,0.65151,0.66012,21773.83787525,1737244799999
1737244800000,0.65613,0.6619,0.625,0.625,6858.39279442,1737287999999
1737288000000,0.64019,0.69647,0.625,0.625,16504.75167873,1737331199999
1737331200000,0.61,0.67365,0.60612,0.6669,9390.97883656,1737374399999
1737374400000,0.67101,0.67136,0.61378,0.63769,38597.98065479,1737417599999
1737417600000,0.62794,0.62794,0.60584,0.6197,31874.34570133,1737460799999
1737460800000,0.62357,0.64681,0.61107,0.62224,25773.70516652,1737503999999
1737504000000,0.62957,0.63234,0.57425,0.58238,46414.51084424,1737547199999
1737547200000,0.58241,0.58267,0.55597,0.55867,82093.35997941,1737590399999
1737590400000,0.5593,0.58125,0.5593,0.57451,29021.72451228,1737633599999
1737633600000,0.56856,0.59829,0.56087,0.58298,40709.48534713,1737676799999
1737676800000,0.5732,0.59221,0.56228,0.58914,22401.77615206,1737719999999
1737720000000,0.59243,0.6106,0.55752,0.56075,26160.21183954,1737763199999
1737763200000,0.55376,0.55376,0.52205,0.54054,9373.08718609,1737806399999
1737806400000,0.5312,0.55448,0.5312,0.54001,10941.14525769,1737849599999
1737849600000,0.53152,0.54885,0.51989,0.54859,19369.84992913,1737892799999
1737892800000,0.54825,0.54825,0.51232,0.51232,10855.914638,1737935999999
1737936000000,0.50541,0.50837,0.46294,0.46911,24716.77221056,1737979199999
1737979200000,0.46739,0.51798,0.46541,0.51581,22471.64190121,1738022399999
1738022400000,0.52612,0.5309,0.51688,0.5211,4168.89694709,1738065599999
1738065600000,0.52458,0.54878,0.48848,0.48848,101163.69168746,1738108799999
1738108800000,0.5014,0.53295,0.5014,0.53111,23845.78477502,1738151999999
1738152000000,0.52473,0.5534,0.50903,0.54136,51067.95731395,1738195199999
1738195200000,0.54719,0.57101,0.54719,0.55893,23121.31527956,1738238399999
1738238400000,0.56032,0.58467,0.55785,0.57234,23942.70922283,1738281599999
1738281600000,0.55006,0.55245,0.53419,0.5512,6311.68209997,1738324799999
1738324800000,0.56527,0.57937,0.54562,0.54956,2769.8002597,1738367999999
1738368000000,0.53742,0.54362,0.52223,0.52802,13280.02986101,1738411199999
1738411200000,0.52826,0.52826,0.49377,0.49465,5783.89858432,1738454399999
1738454400000,0.47962,0.49452,0.47949,0.49452,1903.61665441,1738497599999
1738497600000,0.48264,0.48459,0.42621,0.43399,33609.29282775,1738540799999
1738540800000,0.4192,0.4276,0.35196,0.40182,79741.27310459,1738583999999
1738584000000,0.40911,0.45103,0.39367,0.45103,16308.4978119,1738627199999
1738627200000,0.43926,0.44026,0.41638,0.41638,16324.37220978,1738670399999
1738670400000,0.42216,0.46945,0.42216,0.42914,125812.71843024,1738713599999
1738713600000,0.43788,0.47419,0.43788,0.45855,38487.90205806,1738756799999
1738756800000,0.45494,0.4569,0.43054,0.43054,30150.60632011,1738799999999
1738800000000,0.44616,0.47518,0.44616,0.45436,14804.07255241,1738843199999
1738843200000,0.4553,0.4553,0.42098,0.42329,96610.61757853,1738886399999
1738886400000,0.43339,0.43814,0.42369,0.43512,45252.23777625,1738929599999
1738929600000,0.43469,0.44625,0.41501,0.41501,31603.36934029,1738972799999
1738972800000,0.41283,0.41283,0.37293,0.37842,44415.60501938,1739015999999
1739016000000,0.37842,0.4067,0.37223,0.39725,194178.3535943,1739059199999
1739059200000,0.39897,0.40547,0.3923,0.3923,18169.73535313,1739102399999
1739102400000,0.38962,0.38974,0.37,0.37915,15910.96232837,1739145599999
1739145600000,0.39633,0.39633,0.37949,0.39558,2727.6224115,1739188799999
1739188800000,0.3982,0.3982,0.38861,0.3966,1516.46094359,1739231999999
1739232000000,0.40943,0.4289,0.40891,0.4289,9731.22050975,1739275199999
1739275200000,0.41803,0.41803,0.39567,0.39567,5693.91048322,1739318399999
1739318400000,0.40928,0.41246,0.40928,0.41246,1669.86110174,1739361599999
1739361600000,0.41122,0.41811,0.39531,0.41766,9676.0096022,1739404799999
1739404800000,0.41466,0.42269,0.40671,0.40671,226.45297765,1739447999999
1739448000000,0.40101,0.40101,0.39246,0.39441,4080.58654273,1739491199999
1739491200000,0.4,0.40438,0.39868,0.39868,1337.12691925,1739534399999
1739534400000,0.40253,0.41653,0.40253,0.41332,2579.74864041,1739577599999
1739577600000,0.40739,0.40739,0.40094,0.40156,119.42695806,1739620799999
1739620800000,0.39754,0.39754,0.39754,0.39754,12.54598574,1739663999999
1739664000000,0.40006,0.40071,0.40006,0.40071,37.44335294,1739707199999
1739707200000,0.40101,0.4019,0.39462,0.40069,3618.74369639,1739750399999
1739750400000,0.39797,0.39797,0.37582,0.3868,9564.24290718,1739793599999
1739793600000,0.39248,0.39901,0.37087,0.37667,3717.20373277,1739836799999
1739836800000,0.37057,0.37136,0.36219,0.36558,7149.59553129,1739879999999
1739880000000,0.36603,0.3798,0.35,0.36263,24220.8960808,1739923199999
1739923200000,0.3657,0.37058,0.35744,0.37058,5837.50512347,1739966399999
1739966400000,0.37049,0.37049,0.35968,0.36428,12114.74880187,1740009599999
1740009600000,0.36953,0.3836,0.36839,0.38261,17324.94508223,1740052799999
1740052800000,0.37698,0.39796,0.37689,0.38726,76809.97788755,1740095999999
1740096000000,0.39135,0.40877,0.39063,0.40178,74548.30935882,1740139199999
1740139200000,0.4032,0.40534,0.34443,0.35747,121754.27711058,1740182399999
1740182400000,0.35461,0.373,0.35345,0.37148,41479.53413183,1740225599999
1740225600000,0.37039,0.38224,0.36608,0.36608,30184.02977749,1740268799999
1740268800000,0.36131,0.37859,0.36039,0.37272,2512.19244052,1740311999999
1740312000000,0.37021,0.37021,0.3565,0.36258,3624.73450505,1740355199999
1740355200000,0.35625,0.35625,0.34,0.34544,29683.66956176,1740398399999
1740398400000,0.34582,0.34857,0.31675,0.31675,14736.63421817,1740441599999
1740441600000,0.31208,0.31502,0.28876,0.29366,5063.70332519,1740484799999
1740484800000,0.3061,0.32183,0.30423,0.32183,695.23084691,1740527999999
1740528000000,0.31574,0.31574,0.31079,0.31504,545.40889034,1740571199999
1740571200000,0.3087,0.32235,0.3,0.32235,6584.45546152,1740614399999
1740614400000,0.32609,0.32609,0.32609,0.32609,1593.5,1740657599999
1740657600000,0.32185,0.32185,0.31129,0.31776,3735.3091781,1740700799999
1740700800000,0.31425,0.31425,0.29422,0.30083,2873.92090984,1740743999999
1740744000000,0.30036,0.32033,0.30036,0.32033,759.95746817,1740787199999
1740787200000,0.31316,0.31662,0.31007,0.31142,2228.98310224,1740830399999
1740830400000,0.30794,0.3092,0.30364,0.3092,8656.08839728,1740873599999
1740873600000,0.31041,0.31479,0.30711,0.31341,534.91960313,1740916799999
1740916800000,0.31117,0.34102,0.30875,0.33658,1197.04506916,1740959999999
1740960000000,0.33416,0.33416,0.3158,0.31926,5792.03945326,1741003199999
1741003200000,0.31927,0.31965,0.27912,0.28419,4954.41154243,1741046399999
1741046400000,0.27282,0.27282,0.25673,0.25834,1275.77589388,1741089599999
1741089600000,0.25982,0.25982,0.23546,0.25777,9520.39897639,1741132799999
1741132800000,0.26116,0.26116,0.25159,0.25512,5844.7560221,1741175999999
1741176000000,0.25374,0.25374,0.24599,0.24952,11529.22189481,1741219199999
1741219200000,0.26096,0.26499,0.25717,0.26161,8301.51856946,1741262399999
1741262400000,0.26458,0.26458,0.25235,0.25263,1564.94107503,1741305599999
1741305600000,0.23766,0.24533,0.23766,0.24188,13723.39868311,1741348799999
1741348800000,0.23955,0.24566,0.23728,0.24566,11499.37778903,1741391999999
1741392000000,0.2374,0.23971,0.23296,0.23971,226.43560677,1741435199999
1741435200000,0.2401,0.24131,0.23815,0.2388,12811.78425409,1741478399999
1741478400000,0.23402,0.23749,0.22772,0.22772,1104.71314317,1741521599999
1741521600000,0.23106,0.23171,0.20752,0.21418,228176.7528214,1741564799999
1741564800000,0.21414,0.21566,0.21099,0.21099,18055.61136406,1741607999999
1741608000000,0.20915,0.21591,0.19516,0.19587,6637.19427129,1741651199999
1741651200000,0.18437,0.20084,0.18437,0.19747,9193.23898906,1741694399999
1741694400000,0.192,0.20017,0.18989,0.20017,33026.36217616,1741737599999
1741737600000,0.19548,0.19648,0.19548,0.19648,255.95728081,1741780799999
1741780800000,0.20385,0.20385,0.19345,0.19982,2293.64035724,1741823999999
1741824000000,0.19841,0.20126,0.19734,0.20126,1528.47698379,1741867199999
1741867200000,0.19899,0.19999,0.19428,0.19862,17100.57333212,1741910399999
1741910400000,0.19508,0.20045,0.19507,0.19907,21688.89452763,1741953599999
1741953600000,0.20323,0.20398,0.19813,0.20093,19437.67336179,1741996799999
1741996800000,0.19876,0.2006,0.19876,0.2006,109.77853538,1742039999999
1742040000000,0.20145,0.20183,0.20094,0.20134,6756.65061219,1742083199999
1742083200000,0.20486,0.21034,0.20001,0.20001,8049.17066183,1742126399999
1742126400000,0.20031,0.20031,0.19336,0.1934,9964.92985794,1742169599999
1742169600000,0.19824,0.2001,0.19685,0.2001,11265.60078679,1742212799999
1742212800000,0.20279,0.20367,0.19987,0.20141,6821.32225158,1742255999999
1742256000000,0.20195,0.20195,0.19995,0.20045,4307.58848532,1742299199999
1742299200000,0.1989,0.20206,0.1989,0.20206,90.42599902,1742342399999
1742342400000,0.20328,0.2263,0.20328,0.22143,153374.95226243,1742385599999
1742385600000,0.22144,0.22234,0.21242,0.21353,99238.82466362,1742428799999
1742428800000,0.21509,0.2151,0.21431,0.21431,3515.29690453,1742471999999
1742472000000,0.21725,0.21725,0.20674,0.20674,15319.03260344,1742515199999
1742515200000,0.20746,0.20903,0.20549,0.20649,9595.78136256,1742558399999
1742558400000,0.20514,0.22162,0.20514,0.21469,98431.76209765,1742601599999
1742601600000,0.2143,0.21678,0.2143,0.2146,671.68308373,1742644799999
1742644800000,0.21901,0.22071,0.21835,0.21875,7830.20953928,1742687999999
1742688000000,0.21687,0.21687,0.21684,0.21684,1084.63225292,1742731199999
1742731200000,0.21538,0.21538,0.213,0.21403,4628.13976447,1742774399999
1742774400000,0.2138,0.22168,0.21306,0.22141,26317.62472605,1742817599999
1742817600000,0.21973,0.22085,0.21856,0.21964,30210.98283068,1742860799999
1742860800000,0.22149,0.22149,0.21687,0.21687,4665.23399282,1742903999999
1742904000000,0.21692,0.25,0.21692,0.23554,656793.9973248,1742947199999
1742947200000,0.23899,0.23899,0.22677,0.23149,94113.25439929,1742990399999
1742990400000,0.23221,0.25642,0.23221,0.23997,413355.59551254,1743033599999
1743033600000,0.24291,0.25262,0.2417,0.2417,22576.27645124,1743076799999
1743076800000,0.23821,0.23914,0.23301,0.2372,17401.65032789,1743119999999
1743120000000,0.23378,0.23378,0.20869,0.20941,46293.23276081,1743163199999
1743163200000,0.20582,0.20582,0.19801,0.20383,10776.18903849,1743206399999
1743206400000,0.20621,0.20863,0.19973,0.19973,180.3509283,1743249599999
1743249600000,0.19846,0.20098,0.19625,0.19785,8750.11955974,1743292799999
1743292800000,0.20144,0.20893,0.20126,0.20127,34854.12054875,1743335999999
1743336000000,0.19671,0.20103,0.19647,0.19741,119854.76039225,1743379199999
1743379200000,0.19987,0.19987,0.19349,0.19457,5739.77743964,1743422399999
1743422400000,0.18884,0.20806,0.1888,0.19645,20636.26900059,1743465599999
1743465600000,0.19719,0.20125,0.19574,0.1988,646.34159511,1743508799999
1743508800000,0.19653,0.19653,0.19284,0.19284,509.37578907,1743551999999
1743552000000,0.19039,0.19039,0.15944,0.16449,412877.49940222,1743595199999
1743595200000,0.16561,0.18317,0.16561,0.16574,76533.1438588,1743638399999
1743638400000,0.17015,0.17417,0.15729,0.15729,63909.14947779,1743681599999
1743681600000,0.15238,0.16016,0.15238,0.16016,341.43551745,1743724799999
1743724800000,0.16088,0.1761,0.16088,0.16215,89062.42611746,1743767999999
1743768000000,0.15996,0.17031,0.15996,0.16777,6400.24579112,1743811199999
1743811200000,0.16835,0.16835,0.15887,0.15887,7622.32747437,1743854399999
1743854400000,0.15716,0.15988,0.15716,0.15788,1427.42599784,1743897599999
1743897600000,0.15514,0.15575,0.15408,0.15529,3444.70209044,1743940799999
1743940800000,0.15487,0.15487,0.13102,0.13102,11687.89970901,1743983999999
1743984000000,0.12835,0.13342,0.12431,0.13148,31609.50263077,1744027199999
1744027200000,0.13413,0.15703,0.13159,0.15234,409162.26193262,1744070399999
1744070400000,0.14913,0.15202,0.13554,0.14455,239345.66756154,1744113599999
1744113600000,0.14567,0.14649,0.13244,0.13244,5784.52485585,1744156799999
1744156800000,0.1323,0.1377,0.13173,0.13741,1449.1973703,1744199999999
1744200000000,0.13353,0.15219,0.13353,0.15219,23965.54683417,1744243199999
1744243200000,0.13961,0.14368,0.1389,0.1389,8592.50388367,1744286399999
1744286400000,0.14091,0.14092,0.13363,0.13802,3430.98290803,1744329599999
1744329600000,0.13604,0.14039,0.13604,0.14007,618.13865699,1744372799999
1744372800000,0.13739,0.15916,0.13526,0.14897,248030.33932385,1744415999999
1744416000000,0.14973,0.1735,0.14733,0.16032,589740.95285488,1744459199999
1744459200000,0.16198,0.16958,0.16073,0.16157,111274.96028023,1744502399999
1744502400000,0.16988,0.16988,0.15362,0.15755,78494.59284075,1744545599999
1744545600000,0.15763,0.15763,0.14302,0.14302,294045.82532273,1744588799999
1744588800000,0.1427,0.14746,0.14257,0.14328,7414.34910408,1744631999999
1744632000000,0.145,0.14673,0.13818,0.13909,4682.01222303,1744675199999
1744675200000,0.1376,0.14004,0.13647,0.13647,3276.75764477,1744718399999
1744718400000,0.13761,0.13954,0.13525,0.13609,1411.17784179,1744761599999
1744761600000,0.13517,0.13587,0.13395,0.13395,6187.92441442,1744804799999
1744804800000,0.13374,0.13374,0.12431,0.12689,1336.28067921,1744847999999
1744848000000,0.12462,0.12854,0.12462,0.12661,8030.81491804,1744891199999
1744891200000,0.12757,0.12985,0.12564,0.12913,764.58763475,1744934399999
1744934400000,0.12565,0.12769,0.12565,0.12769,219.41734731,1744977599999
1744977600000,0.1261,0.12684,0.12406,0.12497,34743.00700195,1745020799999
1745020800000,0.12459,0.13034,0.12459,0.12986,5676.27268313,1745063999999
1745064000000,0.12902,0.12902,0.12902,0.12902,49.29558944,1745107199999
1745107200000,0.13086,0.13216,0.1293,0.1293,29715.51059158,1745150399999
1745150400000,0.12616,0.13701,0.12616,0.13549,76125.78702019,1745193599999
1745193600000,0.14543,0.16124,0.13864,0.14337,279807.95971153,1745236799999
1745236800000,0.1438,0.15376,0.13601,0.13894,212924.48492225,1745279999999
1745280000000,0.14102,0.14868,0.13558,0.14868,130473.12754052,1745323199999
1745323200000,0.15122,0.18945,0.15122,0.17947,527070.74029407,1745366399999
1745366400000,0.17782,0.18036,0.1678,0.1678,189381.27144451,1745409599999
1745409600000,0.17247,0.17494,0.16482,0.16706,115204.46390943,1745452799999
1745452800000,0.16618,0.16618,0.15667,0.16138,25033.80076332,1745495999999
1745496000000,0.163,0.17156,0.163,0.17094,33984.80445222,1745539199999
1745539200000,0.17226,0.17577,0.17118,0.17465,49049.75541429,1745582399999
1745582400000,0.17508,0.17563,0.17023,0.17145,12756.12518254,1745625599999
1745625600000,0.17919,0.18727,0.17919,0.18371,13268.47214367,1745668799999
1745668800000,0.1803,0.18825,0.17956,0.18149,25668.06404494,1745711999999
1745712000000,0.18797,0.18894,0.17869,0.1789,56723.10088942,1745755199999
1745755200000,0.17558,0.17781,0.17558,0.17618,2625.05220581,1745798399999
1745798400000,0.17291,0.17634,0.17291,0.17565,7838.53278926,1745841599999
1745841600000,0.17466,0.17537,0.17247,0.17537,7758.16738682,1745884799999
1745884800000,0.17578,0.17578,0.17578,0.17578,17.49090363,1745927999999
1745928000000,0.17446,0.17673,0.16864,0.16864,7057.2645701,1745971199999
1745971200000,0.17011,0.17011,0.17011,0.17011,2860.62429064,1746014399999
1746014400000,0.16702,0.16702,0.16439,0.16518,14360.802672,1746057599999
1746057600000,0.1695,0.17632,0.16941,0.17632,3304.35536325,1746100799999
1746100800000,0.1758,0.1758,0.17271,0.17362,15598.37160645,1746143999999
1746144000000,0.1744,0.1744,0.16545,0.16545,3911.9,1746187199999
1746187200000,0.16533,0.17367,0.16533,0.17222,9568.79652334,1746230399999
1746230400000,0.17739,0.20681,0.17461,0.20421,860172.68846317,1746273599999
1746273600000,0.202,0.21026,0.18428,0.20565,669776.19985218,1746316799999
1746316800000,0.20093,0.22015,0.19076,0.1912,440266.16182929,1746359999999
1746360000000,0.19035,0.19213,0.16975,0.17204,72754.41262591,1746403199999
1746403200000,0.172,0.17528,0.16716,0.17093,354050.89972306,1746446399999
1746446400000,0.16733,0.17534,0.1673,0.17053,158074.36276222,1746489599999
1746489600000,0.17002,0.17079,0.16113,0.16113,26016.7228052,1746532799999
1746532800000,0.16296,0.16754,0.15767,0.16753,48145.31801404,1746575999999
1746576000000,0.16828,0.17362,0.16598,0.17076,26092.54339021,1746619199999
1746619200000,0.16886,0.16931,0.16177,0.1672,66800.0008699,1746662399999
1746662400000,0.1664,0.17927,0.1664,0.17755,49610.01723713,1746705599999
1746705600000,0.178,0.22,0.178,0.21358,310375.95302127,1746748799999
1746748800000,0.21305,0.24598,0.20661,0.2255,38251.11428879,1746791999999
1746792000000,0.2298,0.24435,0.20246,0.20887,75270.51235908,1746835199999
1746835200000,0.21107,0.2253,0.20529,0.21704,8208.55630401,1746878399999
1746878400000,0.22,0.24598,0.21505,0.24598,17264.66668196,1746921599999
1746921600000,0.23517,0.255,0.22951,0.23583,9239.16297736,1746964799999
1746964800000,0.23933,0.26943,0.23781,0.24467,42202.12505889,1747007999999
1747008000000,0.24467,0.35108,0.23902,0.23902,376958.97722634,1747051199999
1747051200000,0.23723,0.24966,0.22994,0.24014,514415.01302751,1747094399999
1747094400000,0.24086,0.24086,0.21923,0.22803,396215.40524688,1747137599999
1747137600000,0.22708,0.24495,0.22585,0.23803,152279.50997611,1747180799999
1747180800000,0.23644,0.24205,0.21735,0.22362,259144.03729985,1747223999999
1747224000000,0.22373,0.22604,0.21631,0.22604,154364.69407836,1747267199999
1747267200000,0.22587,0.22587,0.20241,0.208,266457.78525561,1747310399999
1747310400000,0.2097,0.2129,0.19745,0.20114,199847.04169496,1747353599999
1747353600000,0.20008,0.21128,0.19877,0.20808,99497.28332451,1747396799999
1747396800000,0.20782,0.21421,0.20148,0.2025,112722.40651081,1747439999999
1747440000000,0.20137,0.20228,0.19292,0.19891,166839.77030334,1747483199999
1747483200000,0.19769,0.19841,0.19143,0.19486,108728.2033693,1747526399999
1747526400000,0.19326,0.20517,0.19233,0.20253,49110.91050059,1747569599999
1747569600000,0.20207,0.21154,0.19677,0.20526,154196.16928869,1747612799999
1747612800000,0.20525,0.20525,0.19217,0.19226,156005.25473263,1747655999999
1747656000000,0.19196,0.20135,0.19085,0.19916,235777.63769972,1747699199999
1747699200000,0.20094,0.20094,0.19651,0.19651,1326.23307972,1747742399999
1747742400000,0.19597,0.19665,0.19194,0.19665,13318.96858627,1747785599999
1747785600000,0.19714,0.20235,0.19483,0.20176,75432.44329596,1747828799999
1747828800000,0.20207,0.21424,0.20176,0.20705,176271.61819601,1747871999999
1747872000000,0.20838,0.21883,0.20838,0.21616,234564.68706643,1747915199999
1747915200000,0.21865,0.21865,0.21115,0.21786,123961.65886971,1747958399999
1747958400000,0.21905,0.22483,0.20906,0.20906,32746.32575224,1748001599999
1748001600000,0.20736,0.21398,0.19933,0.19933,82506.4923123,1748044799999
1748044800000,0.19988,0.20146,0.19862,0.19942,59304.88908834,1748087999999
1748088000000,0.20008,0.20008,0.20008,0.20008,249.90003998,1748131199999
1748131200000,0.19737,0.19737,0.1885,0.1885,6881.62981829,1748174399999
1748174400000,0.18895,0.19263,0.18744,0.19238,11905.18029319,1748217599999
1748217600000,0.19389,0.19487,0.19389,0.19486,5966.04991823,1748260799999
1748260800000,0.1937,0.19396,0.18735,0.19104,63046.09924111,1748303999999
1748347200000,0.198,0.20106,0.19612,0.20106,118655.91307602,1748390399999
1748390400000,0.2005,0.2005,0.19499,0.19737,35349.49226371,1748433599999
1748433600000,0.19802,0.19912,0.19503,0.19701,14079.52957002,1748476799999
1748476800000,0.19937,0.20422,0.19719,0.19719,7922.73905054,1748519999999
1748520000000,0.19745,0.19745,0.19128,0.19128,51746.41503364,1748563199999
1748563200000,0.19185,0.19185,0.1854,0.18834,43257.76921529,1748606399999
1748606400000,0.18546,0.1891,0.17607,0.17623,72158.57015915,1748649599999
1748649600000,0.17484,0.17484,0.16015,0.16015,241457.20695132,1748692799999
1748692800000,0.16088,0.16339,0.16088,0.16207,103728.14507768,1748735999999
1748736000000,0.16268,0.16375,0.16166,0.16166,1041.85602623,1748779199999
1748779200000,0.16663,0.16828,0.16364,0.16621,52150.69360796,1748822399999
1748822400000,0.16622,0.16961,0.16582,0.16641,74641.24724223,1748865599999
1748865600000,0.16888,0.1733,0.16888,0.1733,46609.60146954,1748908799999
1748908800000,0.17919,0.25454,0.17797,0.20928,1514246.03737498,1748951999999
1748952000000,0.20763,0.22307,0.1889,0.20458,1504081.53452939,1748995199999
1748995200000,0.20458,0.21438,0.18912,0.19197,283180.6182405,1749038399999
1749038400000,0.19025,0.19333,0.18358,0.18825,190174.70223233,1749081599999
1749081600000,0.18834,0.19096,0.17908,0.18118,100621.45490457,1749124799999
1749124800000,0.18042,0.18346,0.16327,0.16593,119919.25063246,1749167999999
1749168000000,0.16566,0.17121,0.16369,0.16916,221562.1237261,1749211199999
1749211200000,0.17089,0.17154,0.16414,0.16918,209554.51438617,1749254399999
1749254400000,0.17067,0.17698,0.16872,0.17139,129780.62678679,1749297599999
1749297600000,0.17268,0.17312,0.16951,0.17192,47619.95043165,1749340799999
1749340800000,0.17054,0.17301,0.17032,0.17037,15278.93335553,1749383999999
1749384000000,0.17173,0.17196,0.16909,0.16909,73388.16253118,1749427199999
1749427200000,0.16984,0.17058,0.16705,0.17016,26805.42826089,1749470399999
1749470400000,0.16937,0.17232,0.16622,0.17232,42996.05344709,1749513599999
1749513600000,0.1725,0.17659,0.17244,0.17503,54091.99023047,1749556799999
1749556800000,0.17919,0.18172,0.17445,0.18025,144443.02162625,1749599999999
1749600000000,0.1803,0.18273,0.17647,0.17674,18218.51291931,1749643199999
1749643200000,0.17674,0.17877,0.17245,0.17372,32254.93010002,1749686399999
1749686400000,0.17307,0.17319,0.16865,0.16971,59594.73834552,1749729599999
1749729600000,0.16755,0.16959,0.16723,0.16817,3979.34844427,1749772799999
1749772800000,0.16664,0.16664,0.1593,0.16556,161191.5696747,1749815999999
1749816000000,0.1641,0.16438,0.16061,0.16197,39790.12823191,1749859199999
1749859200000,0.16276,0.16284,0.15687,0.16257,297905.20297266,1749902399999
1749902400000,0.16173,0.16235,0.15695,0.15975,26450.57275103,1749945599999
1749945600000,0.16051,0.1628,0.1603,0.16168,28516.86827131,1749988799999
1749988800000,0.16185,0.16206,0.15634,0.15912,19660.05867859,1750031999999
1750032000000,0.15821,0.16252,0.15821,0.16252,18783.33633874,1750075199999
1750075200000,0.16256,0.16371,0.16209,0.16343,4625.78261823,1750118399999
1750118400000,0.15604,0.15604,0.14453,0.14478,94259.17006461,1750161599999
1750161600000,0.14635,0.14652,0.14,0.14002,65277.18207741,1750204799999
1750204800000,0.142,0.14535,0.14055,0.1414,72179.05339451,1750247999999
1750248000000,0.1401,0.14686,0.13874,0.14686,85251.02376511,1750291199999
1750291200000,0.14594,0.14612,0.14411,0.14412,7359.02684771,1750334399999
1750334400000,0.14299,0.14307,0.142,0.14307,8028.29595271,1750377599999
1750377600000,0.14022,0.14484,0.14022,0.14484,1292.1345585,1750420799999
1750420800000,0.14351,0.14351,0.13518,0.13672,27710.63038431,1750463999999
1750464000000,0.1356,0.13779,0.13535,0.13625,39106.58069638,1750507199999
1750507200000,0.13396,0.13397,0.12674,0.12887,121776.12902532,1750550399999
1750550400000,0.1312,0.13316,0.12758,0.13173,47366.62767211,1750593599999
1750593600000,0.12671,0.12992,0.12166,0.12905,111173.1182596,1750636799999
1750636800000,0.13122,0.13122,0.12889,0.12889,8371.37749041,1750679999999
1750680000000,0.12927,0.13901,0.12852,0.13901,72781.60315841,1750723199999
1750723200000,0.13892,0.14062,0.13658,0.13719,2776.53558369,1750766399999
1750766400000,0.13826,0.13973,0.13538,0.13606,223857.34708841,1750809599999
1750809600000,0.13756,0.13949,0.13465,0.13631,129021.87905778,1750852799999
1750852800000,0.13683,0.13805,0.13502,0.13615,235019.69922049,1750895999999
1750896000000,0.13637,0.1392,0.13637,0.13911,80649.68553734,1750939199999
1750939200000,0.13679,0.13679,0.13519,0.13679,30488.94714665,1750982399999
1750982400000,0.13291,0.13425,0.13236,0.13348,50847.63092406,1751025599999
1751025600000,0.13311,0.1335,0.12962,0.12962,68214.07442454,1751068799999
1751068800000,0.13005,0.13291,0.13005,0.13256,35386.83235592,1751111999999
1751112000000,0.13245,0.13283,0.13245,0.13277,4897.59098826,1751155199999
1751155200000,0.13353,0.13353,0.13353,0.13353,2105.90190606,1751198399999
1751198400000,0.13464,0.14235,0.13354,0.14229,56687.37984137,1751241599999
1751241600000,0.13851,0.13929,0.13432,0.13641,66437.09754761,1751284799999
1751284800000,0.13727,0.13878,0.13396,0.13849,99115.70653819,1751327999999
1751328000000,0.13886,0.1411,0.13683,0.14002,114454.91610673,1751371199999
1751371200000,0.13518,0.13518,0.12686,0.12738,177558.04841356,1751414399999
1751414400000,0.1273,0.13242,0.12599,0.13242,201256.15227678,1751457599999
1751457600000,0.13551,0.1357,0.13546,0.13546,24902.1933205,1751500799999
1751500800000,0.1403,0.14209,0.1403,0.14209,6587.75475363,1751543999999
1751544000000,0.14121,0.14919,0.13999,0.14785,154831.65088537,1751587199999
1751587200000,0.14839,0.1524,0.1398,0.14032,229366.59793746,1751630399999
1751630400000,0.13877,0.13877,0.13546,0.13637,126327.98678113,1751673599999
1751673600000,0.13775,0.13887,0.13579,0.13887,36037.81553044,1751716799999
1751716800000,0.13668,0.14794,0.13486,0.13918,315506.78069241,1751759999999
1751760000000,0.1365,0.13737,0.13458,0.13642,51114.82312698,1751803199999
1751803200000,0.137,0.14109,0.137,0.14109,7235.1956399,1751846399999
1751846400000,0.14022,0.14293,0.14022,0.14171,87368.47865749,1751889599999
1751889600000,0.14126,0.14126,0.13928,0.13985,8970.67907014,1751932799999
1751932800000,0.1426,0.1426,0.1369,0.1369,346.76917354,1751975999999
1751976000000,0.13604,0.13842,0.13604,0.1378,16169.29056514,1752019199999
1752019200000,0.13963,0.14016,0.13963,0.14016,2029.10867579,1752062399999
1752062400000,0.14016,0.14353,0.1375,0.14353,102159.43544645,1752105599999
1752105600000,0.14216,0.14742,0.14216,0.14554,215246.81134747,1752148799999
1752148800000,0.14821,0.1538,0.14696,0.1515,294255.99220859,1752191999999
1752192000000,0.15671,0.17058,0.15506,0.16155,37603.84925496,1752235199999
1752235200000,0.16434,0.16434,0.1585,0.15933,230892.58117161,1752278399999
1752278400000,0.16003,0.16003,0.15256,0.15578,189953.33879389,1752321599999
1752321600000,0.15257,0.15307,0.14969,0.15139,55473.34664895,1752364799999
1752364800000,0.15613,0.15613,0.15613,0.15613,24.48702878,1752407999999
1752408000000,0.15753,0.16392,0.15753,0.16211,107686.17051726,1752451199999
1752451200000,0.16067,0.16433,0.16067,0.16433,113520.82073208,1752494399999
1752494400000,0.16111,0.1617,0.1519,0.15335,166216.55522866,1752537599999
1752537600000,0.1552,0.15539,0.14669,0.1519,441066.24656685,1752580799999
1752580800000,0.15258,0.16747,0.15258,0.16747,168711.9932884,1752623999999
1752624000000,0.16771,0.17509,0.16023,0.16027,337853.05827044,1752667199999
1752667200000,0.1643,0.17566,0.16194,0.16442,505423.13134581,1752710399999
1752710400000,0.1668,0.18098,0.1668,0.17706,331862.70470451,1752753599999
1752753600000,0.1733,0.17974,0.1716,0.17564,88255.30409995,1752796799999
1752796800000,0.17963,0.18865,0.17963,0.18315,192952.10005638,1752839999999
1752840000000,0.1829,0.18558,0.17461,0.17619,73026.19929615,1752883199999
1752883200000,0.17323,0.17499,0.17173,0.17241,168018.07478081,1752926399999
1752926400000,0.17245,0.17748,0.17245,0.1755,123709.2750096,1752969599999
1752969600000,0.17581,0.25342,0.17581,0.2093,1390560.38083417,1753012799999
1753012800000,0.209,0.21264,0.1821,0.18897,706250.89056199,1753055999999
1753056000000,0.18761,0.208,0.18761,0.20356,505650.06132663,1753099199999
1753099200000,0.20131,0.20333,0.1856,0.19009,187039.86752379,1753142399999
1753142400000,0.19019,0.19615,0.18172,0.18588,80889.59844812,1753185599999
1753185600000,0.18853,0.18853,0.18,0.18353,87830.33708546,1753228799999
1753228800000,0.18758,0.19367,0.18276,0.183,165871.635481,1753271999999
1753272000000,0.1839,0.18494,0.16865,0.17272,223004.15552228,1753315199999
1753315200000,0.1669,0.178,0.16564,0.1764,141505.17887354,1753358399999
1753358400000,0.17562,0.18225,0.17158,0.17494,136461.20933334,1753401599999
1753401600000,0.17197,0.1737,0.16865,0.1737,978.85122386,1753444799999
1753444800000,0.17343,0.17343,0.16626,0.17297,20499.74069821,1753487999999
1753488000000,0.17366,0.17622,0.17122,0.17576,115525.12521236,1753531199999
1753531200000,0.17372,0.18072,0.17372,0.17557,220532.60308781,1753574399999
1753574400000,0.17511,0.18973,0.17511,0.18442,401661.10543338,1753617599999
1753617600000,0.18355,0.19241,0.18113,0.1875,197041.17334475,1753660799999
1753660800000,0.18658,0.21567,0.18629,0.19352,570106.21709309,1753703999999
1753704000000,0.19619,0.19619,0.17943,0.18144,131760.38864282,1753747199999
1753747200000,0.17919,0.18525,0.17919,0.18076,84427.53229348,1753790399999
1753790400000,0.18227,0.18494,0.17367,0.181,27072.07400894,1753833599999
1753833600000,0.17999,0.195,0.17805,0.1787,386820.96753896,1753876799999
1753876800000,0.17805,0.18887,0.17549,0.18587,73721.02343979,1753919999999
1753920000000,0.19235,0.19568,0.18952,0.18954,12292.87681039,1753963199999
1753963200000,0.1829,0.19254,0.17827,0.17922,207124.57518289,1754006399999
1754006400000,0.1774,0.1774,0.17108,0.17108,8069.92325418,1754049599999
1754049600000,0.17261,0.1807,0.16865,0.18014,28407.95536726,1754092799999
1754092800000,0.18107,0.18107,0.17172,0.17172,5037.17034481,1754135999999
1754136000000,0.17053,0.17223,0.165,0.165,234903.33320321,1754179199999
1754179200000,0.16813,0.17173,0.16813,0.16999,10601.52129456,1754222399999
1754222400000,0.16857,0.16881,0.16651,0.16881,3504.12666731,1754265599999
1754265600000,0.17225,0.17448,0.17128,0.17189,59741.12185198,1754308799999
1754308800000,0.17267,0.18093,0.17267,0.18093,149678.46152158,1754351999999
1754352000000,0.18216,0.18524,0.17622,0.1838,73372.18877106,1754395199999
1754395200000,0.18304,0.18519,0.16887,0.17023,79715.87979159,1754438399999
1754438400000,0.17298,0.18526,0.16692,0.17922,128186.45501709,1754481599999
1754481600000,0.17817,0.2014,0.1781,0.19835,210916.5412363,1754524799999
1754524800000,0.19761,0.19813,0.18288,0.19622,257523.70031347,1754567999999
1754568000000,0.19611,0.19956,0.19119,0.19949,94227.1510063,1754611199999
1754611200000,0.1997,0.20194,0.18702,0.18836,58976.95658988,1754654399999
1754654400000,0.1872,0.195,0.18431,0.19021,45444.49490247,1754697599999
1754697600000,0.18908,0.20345,0.18908,0.20232,51924.11448144,1754740799999
1754740800000,0.19699,0.19885,0.19595,0.19691,52720.96045229,1754783999999
1754784000000,0.20024,0.20024,0.1885,0.19108,103269.20775095,1754827199999
1754827200000,0.1879,0.19396,0.1821,0.19293,107166.75453145,1754870399999
1754870400000,0.19186,0.19649,0.1893,0.19177,112251.21792218,1754913599999
1754913600000,0.18511,0.19151,0.18436,0.18508,39334.11392139,1754956799999
1754956800000,0.18584,0.20122,0.18494,0.19378,329133.51017678,1754999999999
1755000000000,0.19501,0.2046,0.19417,0.20123,101230.33071695,1755043199999
1755043200000,0.20196,0.20968,0.19844,0.20968,139409.06518045,1755086399999
1755086400000,0.20876,0.21213,0.20356,0.20869,103255.5381682,1755129599999
1755129600000,0.2062,0.20716,0.19823,0.20151,38343.52577999,1755172799999
1755172800000,0.1979,0.1979,0.19203,0.1966,76087.05297966,1755215999999
1755216000000,0.19074,0.19362,0.19074,0.19362,13292.09000213,1755259199999
1755259200000,0.19218,0.19218,0.183,0.18455,22170.32824345,1755302399999
1755302400000,0.18537,0.1864,0.18474,0.1864,8860.39285334,1755345599999
1755345600000,0.18915,0.18915,0.18769,0.18769,14288.73506093,1755388799999
1755388800000,0.19605,0.19605,0.19352,0.19352,6618.03465401,1755431999999
1755432000000,0.19239,0.19759,0.19127,0.19424,19631.1774788,1755475199999
1755475200000,0.1926,0.1926,0.183,0.18752,42991.57130673,1755518399999
1755518400000,0.18718,0.18766,0.18514,0.1865,15252.50092515,1755561599999
1755561600000,0.1821,0.18441,0.18115,0.18441,30790.75333883,1755604799999
1755604800000,0.18396,0.18396,0.17914,0.17914,38730.12884488,1755647999999
1755648000000,0.17522,0.18043,0.17522,0.17862,38403.64232209,1755691199999
1755691200000,0.17099,0.17799,0.17099,0.17659,733.6242533,1755734399999
1755734400000,0.17639,0.17639,0.17603,0.17603,11403.54614405,1755777599999
1755777600000,0.17518,0.18096,0.17518,0.18096,15836.22663606,1755820799999
1755820800000,0.1747,0.17996,0.17445,0.17618,80100.18290434,1755863999999
1755864000000,0.17512,0.19402,0.17512,0.19295,86493.60811928,1755907199999
1755907200000,0.19413,0.19424,0.18506,0.18611,93570.27254355,1755950399999
1755950400000,0.18264,0.18512,0.18254,0.18267,21025.83596978,1755993599999
1755993600000,0.18034,0.18034,0.17599,0.17599,5551.77850673,1756036799999
1756036800000,0.17827,0.18088,0.17679,0.18088,6820.24225078,1756079999999
1756080000000,0.17797,0.18087,0.17366,0.17366,80594.28741309,1756123199999
1756123200000,0.17285,0.17285,0.16374,0.16584,28736.80762862,1756166399999
1756166400000,0.16666,0.16809,0.16402,0.16809,65080.75387506,1756209599999
1756209600000,0.16753,0.17394,0.16753,0.17394,4420.35868144,1756252799999
1756252800000,0.1768,0.17889,0.17628,0.17823,46110.93925649,1756295999999
1756296000000,0.17657,0.17968,0.17505,0.17798,10715.10195074,1756339199999
1756339200000,0.1794,0.17966,0.17672,0.17672,18959.99998144,1756382399999
1756382400000,0.17738,0.17738,0.1733,0.1733,536.3787049,1756425599999
1756425600000,0.17548,0.17642,0.16865,0.16865,20180.21499762,1756468799999
1756468800000,0.16976,0.17083,0.16578,0.16702,7542.77333699,1756511999999
1756512000000,0.16826,0.17051,0.16726,0.17051,8922.1134558,1756555199999
1756555200000,0.17534,0.1898,0.17492,0.18214,527786.89953611,1756598399999
1756598400000,0.18355,0.19326,0.18157,0.18516,293694.21721201,1756641599999
1756641600000,0.18141,0.18186,0.17297,0.17384,122525.23785646,1756684799999
1756684800000,0.17467,0.1796,0.17085,0.17342,48307.15928693,1756727999999
1756728000000,0.17408,0.17408,0.16738,0.16738,13859.78395757,1756771199999
1756771200000,0.1716,0.1805,0.1716,0.17889,7251.33724901,1756814399999
1756814400000,0.17564,0.17958,0.17382,0.17906,7383.77183111,1756857599999
1756857600000,0.17981,0.18095,0.17797,0.1795,9666.07699884,1756900799999
1756900800000,0.17985,0.18142,0.17849,0.18097,5159.16657934,1756943999999
1756944000000,0.18079,0.18079,0.17488,0.17488,3964.91936798,1756987199999
1756987200000,0.17731,0.17732,0.17731,0.17732,1499.6,1757030399999
1757030400000,0.17741,0.17945,0.17573,0.17945,60544.31701569,1757073599999
1757073600000,0.177,0.177,0.17294,0.17576,52145.51382996,1757116799999
1757116800000,0.17551,0.17551,0.17508,0.17508,3688.35539874,1757159999999
1757160000000,0.17514,0.177,0.17467,0.17467,38182.7642808,1757203199999
1757203200000,0.17657,0.17811,0.17508,0.17613,50409.87843347,1757246399999
1757246400000,0.17599,0.17834,0.17589,0.17834,33323.19247639,1757289599999
1757289600000,0.17735,0.17847,0.17657,0.17657,9589.3185032,1757332799999
1757332800000,0.17584,0.18453,0.17584,0.18453,9188.19092023,1757375999999
1757376000000,0.18964,0.1952,0.18964,0.19447,51840.65416683,1757419199999
1757419200000,0.19098,0.19098,0.18356,0.1868,68233.14595952,1757462399999
1757462400000,0.18757,0.18866,0.18566,0.18818,2365.19079722,1757505599999
1757505600000,0.18832,0.18921,0.18716,0.18716,2256.23672615,1757548799999
1757548800000,0.19454,0.19736,0.19235,0.19235,31512.33759361,1757591999999
1757592000000,0.18858,0.18858,0.185,0.18773,9324.85550262,1757635199999
1757635200000,0.18993,0.19024,0.18871,0.18871,8245.83639713,1757678399999
1757678400000,0.18766,0.19192,0.18719,0.19192,13667.51709573,1757721599999
1757721600000,0.19341,0.19824,0.19341,0.19824,8750.58382476,1757764799999
1757764800000,0.19818,0.19818,0.19393,0.19393,10257.74886309,1757807999999
1757808000000,0.19352,0.19352,0.19008,0.19008,5932.64364958,1757851199999
1757851200000,0.18631,0.18699,0.18432,0.18639,19783.16501106,1757894399999
1757894400000,0.187,0.187,0.17558,0.17789,15036.84158209,1757937599999
1757937600000,0.1763,0.1763,0.17246,0.17282,19007.85715031,1757980799999
1757980800000,0.17394,0.17616,0.17394,0.17483,3916.88235062,1758023999999
1758024000000,0.1806,0.1806,0.17049,0.1713,65800.49179817,1758067199999
1758067200000,0.17048,0.17256,0.16865,0.16865,6332.28850518,1758110399999
1758110400000,0.1685,0.17969,0.16764,0.17969,54385.94881115,1758153599999
1758153600000,0.17911,0.18352,0.17761,0.18114,21394.91478664,1758196799999
1758196800000,0.177,0.1892,0.177,0.18332,76930.11747657,1758239999999
1758240000000,0.18534,0.18534,0.1801,0.1818,14276.64005735,1758283199999
1758283200000,0.18102,0.18102,0.1762,0.17642,24744.80396977,1758326399999
1758326400000,0.17518,0.18187,0.17518,0.1781,28624.73420805,1758369599999
1758369600000,0.17733,0.18078,0.17733,0.17751,53691.24715637,1758412799999
1758412800000,0.17852,0.17853,0.17473,0.17486,24608.61766106,1758455999999
1758456000000,0.17519,0.17648,0.1741,0.17512,18003.53625221,1758499199999
1758499200000,0.17318,0.17318,0.16085,0.16159,54905.63902771,1758542399999
1758542400000,0.16193,0.1632,0.1591,0.15969,37853.65798341,1758585599999
1758585600000,0.15626,0.15963,0.1514,0.15917,97483.98972923,1758628799999
1758628800000,0.15643,0.15834,0.15264,0.15264,28223.91544839,1758671999999
1758672000000,0.1542,0.16666,0.1542,0.16088,10312.69542428,1758715199999
1758715200000,0.16017,0.16276,0.15941,0.15969,10444.85168886,1758758399999
1758758400000,0.1577,0.15809,0.15112,0.15509,38369.55987692,1758801599999
1758801600000,0.1563,0.16396,0.15028,0.15028,71149.76021081,1758844799999
1758844800000,0.15118,0.15356,0.14815,0.14815,12223.0748192,1758887999999
1758888000000,0.14802,0.15184,0.14766,0.1514,19793.45146419,1758931199999
1758931200000,0.15063,0.15203,0.14655,0.14655,16770.39291679,1758974399999
1758974400000,0.14778,0.14851,0.146,0.14708,53421.45086367,1759017599999
1759017600000,0.146,0.161,0.14465,0.14555,49369.45806179,1759060799999
1759060800000,0.14464,0.14823,0.14415,0.14823,48709.04884639,1759103999999
1759104000000,0.14859,0.14874,0.14731,0.148,59855.31517588,1759147199999
1759147200000,0.14556,0.14848,0.14556,0.14734,369.82220981,1759190399999
1759190400000,0.1464,0.1464,0.14639,0.14639,146.59345339,1759233599999
1759233600000,0.14214,0.14215,0.14,0.14157,88415.47315512,1759276799999
1759276800000,0.14175,0.14438,0.13894,0.14436,32252.95778757,1759319999999
1759320000000,0.14454,0.14831,0.14454,0.14748,4044.6119511,1759363199999
1759363200000,0.15173,0.15173,0.15173,0.15173,746.88415791,1759406399999
1759406400000,0.15381,0.1547,0.15381,0.1547,996.66997446,1759449599999
1759449600000,0.15562,0.15758,0.14935,0.14935,54349.48615381,1759492799999
1759492800000,0.14904,0.15118,0.14904,0.15118,106.78194822,1759535999999
1759536000000,0.15,0.15,0.14462,0.14462,17445.64573802,1759579199999
1759579200000,0.14403,0.14403,0.14161,0.14233,3442.96474038,1759622399999
1759622400000,0.14265,0.14673,0.14145,0.14199,46223.84004955,1759665599999
1759665600000,0.14136,0.14199,0.14,0.14,103493.03446004,1759708799999
1759708800000,0.14045,0.14121,0.14045,0.14121,28302.53475706,1759751999999
1759752000000,0.14119,0.14468,0.14119,0.14274,74849.66520404,1759795199999
1759795200000,0.1445,0.1452,0.1445,0.1452,7551.33,1759838399999
1759838400000,0.14008,0.14008,0.1334,0.1334,24153.48776381,1759881599999
1759881600000,0.13548,0.13642,0.13509,0.13642,25342.79038545,1759924799999
1759924800000,0.13887,0.13887,0.13887,0.13887,1103.92516468,1759967999999
1759968000000,0.14072,0.14072,0.12901,0.12901,2998.8865049,1760011199999
1760011200000,0.129,0.12902,0.12421,0.12875,48635.43318174,1760054399999
1760054400000,0.12918,0.12918,0.12215,0.12506,58753.07875539,1760097599999
1760097600000,0.12664,0.12664,0.04947,0.083,91116.50016754,1760140799999
1760140800000,0.08298,0.09112,0.0798,0.09112,66200.2877492,1760183999999
1760184000000,0.09,0.09579,0.08576,0.08576,30861.07925524,1760227199999
1760227200000,0.09112,0.09112,0.09112,0.09112,54.65320456,1760270399999
1760270400000,0.0894,0.09769,0.08895,0.09695,41391.09016798,1760313599999
1760313600000,0.09706,0.09706,0.09174,0.09174,11073.816836,1760356799999
1760356800000,0.09631,0.09631,0.09402,0.096,3216.93403247,1760399999999
1760400000000,0.094,0.10082,0.0859,0.09043,22301.74599138,1760443199999
1760443200000,0.0876,0.0876,0.08,0.08435,131626.58722784,1760486399999
1760486400000,0.08865,0.09112,0.0876,0.09112,49445.57420933,1760529599999
1760529600000,0.08931,0.08931,0.08576,0.08688,35358.7109985,1760572799999
1760572800000,0.09112,0.09112,0.08576,0.09112,2477.37742117,1760615999999
1760616000000,0.08429,0.08497,0.08243,0.08431,23075.72919,1760659199999
1760659200000,0.08866,0.08866,0.07499,0.07499,9329.59789246,1760702399999
1760702400000,0.07924,0.07924,0.07881,0.07881,2349.32029278,1760745599999
1760745600000,0.0818,0.0818,0.07927,0.08001,6758.29396964,1760788799999
1760788800000,0.08097,0.08097,0.07893,0.08012,10832.2970537,1760831999999
1760832000000,0.07892,0.07937,0.0743,0.07815,110298.78699361,1760875199999
1760875200000,0.08073,0.081,0.08,0.08,110180.12811757,1760918399999
1760918400000,0.07969,0.0821,0.07942,0.0821,20527.82946987,1760961599999
1760961600000,0.079,0.07925,0.0773,0.07898,46825.45229241,1761004799999
1761004800000,0.07834,0.07844,0.07421,0.07495,11909.57499952,1761047999999
1761048000000,0.07545,0.08006,0.0746,0.0746,86690.08324785,1761091199999
1761091200000,0.0734,0.07358,0.072,0.072,184647.65143231,1761134399999
1761134400000,0.07317,0.0748,0.06812,0.06836,96883.59014762,1761177599999
1761177600000,0.0709,0.0736,0.07079,0.07301,73415.32905408,1761220799999
1761220800000,0.072,0.07265,0.071,0.07204,71909.06008627,1761263999999
1761264000000,0.076,0.07858,0.07443,0.07443,138116.88390705,1761307199999
1761307200000,0.0746,0.07747,0.07301,0.0754,233208.35667041,1761350399999
1761350400000,0.075,0.0763,0.0714,0.073,66465.690877,1761393599999
1761393600000,0.07308,0.0756,0.0726,0.0751,99160.43625131,1761436799999
1761436800000,0.0742,0.07947,0.0742,0.07947,18633.31589183,1761479999999
1761480000000,0.0792,0.0835,0.0787,0.08052,695323.1216454,1761523199999
1761523200000,0.0815,0.0815,0.07753,0.07813,129583.00772277,1761566399999
1761566400000,0.0792,0.0796,0.0772,0.07751,122255.90416841,1761609599999
1761609600000,0.0764,0.10892,0.0764,0.1058,4530792.57901341,1761652799999
1761652800000,0.1065,0.13387,0.09226,0.10616,2.087817060989906E7,1761695999999
1761696000000,0.1041,0.107,0.09091,0.09592,3707905.62075763,1761739199999
1761739200000,0.09605,0.10015,0.08915,0.09272,1867050.9169292,1761782399999
1761782400000,0.09382,0.09619,0.08717,0.08763,371015.39515466,1761825599999
1761825600000,0.08862,0.08862,0.08,0.0827,629925.97453729,1761868799999
1761868800000,0.08252,0.08538,0.08025,0.08397,235410.72452021,1761911999999
1761912000000,0.08402,0.08861,0.07803,0.0817,967247.98520934,1761955199999
1761955200000,0.08115,0.08411,0.08058,0.08136,155250.6534159,1761998399999
1761998400000,0.08167,0.08203,0.07809,0.08176,435042.39355379,1762041599999
1762041600000,0.08056,0.08341,0.07702,0.08171,368458.38880143,1762084799999
1762084800000,0.08245,0.08493,0.07827,0.08316,172043.92879064,1762127999999
1762128000000,0.0809,0.08142,0.0734,0.07341,1283823.49545185,1762171199999
1762171200000,0.07357,0.07411,0.06746,0.06782,676992.03579056,1762214399999
1762214400000,0.06933,0.07084,0.06554,0.06743,77713.18599914,1762257599999
1762257600000,0.0675,0.06856,0.06275,0.06687,69080.30298392,1762300799999
1762300800000,0.06291,0.06668,0.06291,0.06656,4070.43232634,1762343999999
1762344000000,0.06733,0.07517,0.0668,0.07483,60429.35813818,1762387199999
1762387200000,0.07361,0.07724,0.07072,0.07256,356719.53966966,1762430399999
1762430400000,0.07255,0.07255,0.0687,0.06925,132959.415483,1762473599999
1762473600000,0.07016,0.07342,0.06944,0.07164,23541.20088954,1762516799999
1762516800000,0.07154,0.07774,0.06852,0.07548,314797.89713189,1762559999999
1762560000000,0.07553,0.07582,0.07275,0.07406,23340.47499491,1762603199999
1762603200000,0.07406,0.07431,0.07059,0.07167,14529.88353667,1762646399999
1762646400000,0.07094,0.07168,0.0691,0.07045,82745.40196689,1762689599999
1762689600000,0.07202,0.07576,0.07054,0.07475,81368.93457009,1762732799999
1762732800000,0.07452,0.0778,0.07452,0.07561,121297.86962881,1762775999999
1762776000000,0.07568,0.07568,0.07386,0.07501,22925.37309458,1762819199999
1762819200000,0.0738,0.0738,0.07179,0.07195,11802.3929427,1762862399999
1762862400000,0.07165,0.0717,0.0691,0.06934,3883.75319978,1762905599999
1762905600000,0.06841,0.06943,0.06772,0.06943,312.69191549,1762948799999
1762948800000,0.06992,0.06993,0.06595,0.06595,16673.22620835,1762991999999
1762992000000,0.06639,0.09038,0.06639,0.07817,3876998.29484088,1763035199999
1763035200000,0.0772,0.0815,0.06844,0.06985,1041156.29748722,1763078399999
1763078400000,0.06979,0.07874,0.06979,0.07839,332435.0757612,1763121599999
1763121600000,0.07641,0.0845,0.07469,0.077,1980361.86683076,1763164799999
1763164800000,0.07702,0.08831,0.07702,0.08302,619118.99695235,1763207999999
1763208000000,0.08278,0.0839,0.07969,0.08063,1777901.93328691,1763251199999
1763251200000,0.0802,0.08632,0.07487,0.08161,741502.31325532,1763294399999
1763294400000,0.08164,0.09669,0.08109,0.09383,1678662.54788764,1763337599999
1763337600000,0.0933,0.09835,0.08905,0.08917,1260849.35818952,1763380799999
1763380800000,0.08855,0.08879,0.0801,0.08065,189092.07161625,1763423999999
1763424000000,0.08063,0.08243,0.07677,0.0777,159592.52664721,1763467199999
1763467200000,0.07717,0.08207,0.07709,0.08173,80636.19914754,1763510399999
1763510400000,0.08369,0.08802,0.07982,0.08144,274281.21178529,1763553599999
1763553600000,0.08034,0.08034,0.07118,0.0755,186560.85454091,1763596799999
1763596800000,0.07699,0.07798,0.07427,0.07588,31032.79855841,1763639999999
1763640000000,0.07589,0.07697,0.07002,0.07002,16740.88855202,1763683199999
1763683200000,0.0702,0.0702,0.06205,0.06205,156352.8107855,1763726399999
1763726400000,0.06194,0.06503,0.06163,0.06219,206413.67284222,1763769599999
1763769600000,0.06057,0.06057,0.05784,0.05931,188751.97736846,1763812799999
1763812800000,0.05839,0.05839,0.05697,0.05726,16508.79347181,1763855999999
1763856000000,0.05775,0.05775,0.05585,0.05645,28185.58073093,1763899199999
1763899200000,0.0568,0.05759,0.0556,0.0564,33713.51657208,1763942399999
1763942400000,0.0555,0.05724,0.0539,0.05434,68625.26277471,1763985599999
1763985600000,0.05513,0.05731,0.05513,0.05676,12707.62521058,1764028799999
1764028800000,0.05735,0.06832,0.05727,0.05985,1375440.43628888,1764071999999
1764072000000,0.0595,0.06026,0.05683,0.05918,263984.37440178,1764115199999
1764115200000,0.05929,0.06414,0.05833,0.06305,503318.99629455,1764158399999
1764158400000,0.06334,0.07282,0.06268,0.06751,2736174.97568824,1764201599999
1764201600000,0.06691,0.0681,0.063,0.063,222574.49046708,1764244799999
1764244800000,0.0632,0.06438,0.06169,0.06169,82327.35042064,1764287999999
1764288000000,0.06099,0.06109,0.05865,0.05883,99187.51602562,1764331199999
1764331200000,0.05904,0.06035,0.05783,0.05822,126747.93288921,1764374399999
1764374400000,0.05812,0.05812,0.05587,0.0571,20469.64713512,1764417599999
1764417600000,0.05682,0.0571,0.0555,0.0555,28891.18994528,1764460799999
1764460800000,0.05546,0.05723,0.05546,0.05715,17413.76004943,1764503999999
1764504000000,0.05736,0.05853,0.05583,0.05583,114791.98817728,1764547199999
1764547200000,0.0555,0.0555,0.05132,0.05278,39227.93811861,1764590399999
1764590400000,0.05211,0.05423,0.05083,0.05359,44994.23226768,1764633599999
1764633600000,0.05305,0.05382,0.05281,0.05312,8407.13921334,1764676799999
1764676800000,0.05612,0.05916,0.05596,0.05714,93514.64165816,1764719999999
1764720000000,0.05787,0.05839,0.05655,0.05655,8669.11383886,1764763199999
1764763200000,0.05682,0.06076,0.05682,0.06058,37073.82912179,1764806399999
1764806400000,0.06034,0.06297,0.05779,0.05794,346649.61394438,1764849599999
1764849600000,0.05762,0.06197,0.05723,0.05757,431719.14537541,1764892799999
1764892800000,0.05763,0.05878,0.05537,0.05549,54897.12309041,1764935999999
1764936000000,0.05632,0.07772,0.05263,0.07175,2328277.35967408,1764979199999
1764979200000,0.07175,0.0833,0.06548,0.06805,5915899.10620696,1765022399999
1765022400000,0.06791,0.082,0.06601,0.06669,6325825.24406492,1765065599999
1765065600000,0.06687,0.06687,0.06263,0.06403,577025.67745703,1765108799999
1765108800000,0.06402,0.06419,0.0583,0.05869,299480.32115485,1765151999999
1765152000000,0.05908,0.06729,0.05883,0.06254,243673.02875316,1765195199999
1765195200000,0.06187,0.06405,0.06172,0.06329,47409.34881493,1765238399999
1765238400000,0.06222,0.07035,0.06222,0.06855,818330.98271252,1765281599999
1765281600000,0.06741,0.0676,0.06459,0.06641,399194.1650757,1765324799999
1765324800000,0.06639,0.06966,0.065,0.065,118208.04918745,1765367999999
1765368000000,0.06494,0.0654,0.06304,0.06458,63253.34510855,1765411199999
1765411200000,0.06563,0.06568,0.06189,0.06204,15289.50596534,1765454399999
1765454400000,0.06297,0.06297,0.05971,0.06099,67146.70235296,1765497599999
1765497600000,0.06083,0.06179,0.05909,0.059744,274246.68622997,1765540799999
1765540800000,0.059624,0.059995,0.05705,0.057343,8201.87600841,1765583999999
1765584000000,0.05724,0.05787,0.057217,0.05787,85357.46280165,1765627199999
1765627200000,0.0572,0.057979,0.0572,0.05749,54837.4245263,1765670399999
1765670400000,0.057861,0.057861,0.05484,0.05484,6168.80840311,1765713599999
1765713600000,0.05524,0.057163,0.05441,0.05441,8420.41892224,1765756799999
1765756800000,0.05513,0.05559,0.0546,0.05489,3785.77701767,1765799999999
1765800000000,0.05441,0.05482,0.05124,0.05258,393092.28092131,1765843199999
1765843200000,0.05253,0.053134,0.051003,0.05166,128661.03405915,1765886399999
1765886400000,0.051601,0.052851,0.05154,0.052371,5364.55755833,1765929599999
1765929600000,0.0522,0.052369,0.05078,0.051415,96582.90543364,1765972799999
1765972800000,0.052223,0.052223,0.04844,0.04874,5920.75117822,1766015999999
1766016000000,0.04854,0.0487,0.04762,0.048577,35143.81132997,1766059199999
1766059200000,0.048829,0.05014,0.047299,0.04794,63758.27355375,1766102399999
1766102400000,0.04792,0.05059,0.04735,0.05033,31440.54751701,1766145599999
1766145600000,0.04985,0.052266,0.049679,0.0516,42740.70739082,1766188799999
1766188800000,0.05195,0.053565,0.051217,0.05224,8919.79214229,1766231999999
1766232000000,0.052392,0.05265,0.05207,0.05227,68879.79855382,1766275199999
1766275200000,0.052698,0.052698,0.05132,0.05132,4007.96643602,1766318399999
1766318400000,0.049579,0.05032,0.04918,0.05032,4837.45057366,1766361599999
1766361600000,0.0517,0.05358,0.050683,0.051521,171092.13123442,1766404799999
1766404800000,0.05179,0.05179,0.0495,0.04951,17902.94020958,1766447999999
1766448000000,0.05049,0.0506,0.048751,0.048845,107360.0010849,1766491199999
1766491200000,0.0488,0.0488,0.04762,0.047703,7756.6388387,1766534399999
1766534400000,0.047959,0.048279,0.04651,0.04684,299647.1792832,1766577599999
1766577600000,0.04673,0.048569,0.04673,0.048234,13051.3723398,1766620799999
1766620800000,0.04771,0.051025,0.04771,0.04839,5624.62110757,1766663999999
1766664000000,0.04785,0.04876,0.04778,0.047877,27926.29148591,1766707199999
1766707200000,0.0473,0.048869,0.0473,0.04807,2043.22485375,1766750399999
1766750400000,0.048369,0.048667,0.04737,0.04796,61154.46220284,1766793599999
1766793600000,0.04794,0.04813,0.047857,0.048105,35134.74448573,1766836799999
1766836800000,0.047485,0.04787,0.047485,0.04787,824.4168507,1766879999999
1766880000000,0.04753,0.047569,0.04753,0.047569,524.19696136,1766923199999
1766923200000,0.047251,0.047251,0.04648,0.046541,5732.94239977,1766966399999
1766966400000,0.047018,0.047932,0.045874,0.04625,6783.83101588,1767009599999
1767009600000,0.045872,0.04872,0.044825,0.047125,61819.82085147,1767052799999
1767052800000,0.046575,0.048618,0.046575,0.04733,204451.57223496,1767095999999
1767096000000,0.047651,0.0488,0.047181,0.047399,105144.75899772,1767139199999
1767139200000,0.04716,0.047774,0.04652,0.04652,1368.42825433,1767182399999
1767182400000,0.046101,0.046484,0.044312,0.04506,18334.85733857,1767225599999
1767225600000,0.04518,0.04798,0.04518,0.047495,65198.21730884,1767268799999
1767268800000,0.046284,0.048142,0.046118,0.04692,182980.25326287,1767311999999
1767312000000,0.048,0.050171,0.04795,0.048674,83067.30306442,1767355199999
1767355200000,0.048912,0.050658,0.04891,0.050359,5974.99712704,1767398399999
1767398400000,0.04963,0.050741,0.049462,0.050741,2013.5644883,1767441599999
1767441600000,0.050503,0.050577,0.049897,0.050284,3199.53224069,1767484799999
1767484800000,0.050154,0.050757,0.049465,0.049957,22986.71783581,1767527999999
1767528000000,0.050056,0.052212,0.050056,0.050941,43718.3125833,1767571199999
1767571200000,0.051607,0.052188,0.050118,0.050374,11957.76494045,1767614399999
1767614400000,0.050839,0.053316,0.050839,0.052324,4992.47014591,1767657599999
1767657600000,0.052397,0.05257,0.050295,0.05161,104317.2335061,1767700799999
1767700800000,0.052023,0.052576,0.050615,0.05211,11485.23853032,1767743999999
1767744000000,0.051452,0.051838,0.051023,0.051419,6084.02372648,1767787199999
1767787200000,0.051243,0.051243,0.049252,0.049252,25648.52013418,1767830399999
1767830400000,0.049316,0.049316,0.047794,0.048112,39496.6528889,1767873599999
1767873600000,0.047868,0.048973,0.047629,0.04889,65259.17584753,1767916799999
1767916800000,0.049061,0.049713,0.04825,0.048281,61586.41875736,1767959999999
1767960000000,0.048437,0.051633,0.048019,0.049761,778812.59358873,1768003199999
1768003200000,0.049741,0.050098,0.048981,0.049373,322741.81696772,1768046399999
1768046400000,0.049343,0.04989,0.049227,0.049227,4437.20531324,1768089599999
1768089600000,0.048609,0.049415,0.04855,0.048686,11344.54289886,1768132799999
1768132800000,0.049118,0.049201,0.048175,0.048207,34167.85764365,1768175999999
1768176000000,0.048061,0.052613,0.048061,0.0508,499068.58146799,1768219199999
1768219200000,0.050546,0.051999,0.049493,0.050078,130321.51730587,1768262399999
1768262400000,0.049666,0.051656,0.049125,0.051577,206452.6817625,1768305599999
1768305600000,0.052043,0.0557,0.050991,0.055314,558249.07908854,1768348799999
1768348800000,0.054673,0.054835,0.052596,0.052637,176472.62960341,1768391999999
1768392000000,0.052445,0.052632,0.051183,0.051718,30515.59970923,1768435199999
1768435200000,0.051566,0.051566,0.050025,0.05093,19535.4077386,1768478399999
1768478400000,0.051112,0.05126,0.048789,0.048965,362573.49309499,1768521599999
1768521600000,0.048988,0.049167,0.047763,0.048092,74211.29281803,1768564799999
1768564800000,0.048768,0.050322,0.048645,0.050006,12418.28397604,1768607999999
1768651200000,0.049271,0.049388,0.048745,0.048745,12592.24000435,1768694399999
1768694400000,0.048308,0.048308,0.047697,0.047905,1106.28333062,1768737599999
1768737600000,0.048213,0.049926,0.0469,0.0469,66571.83483833,1768780799999
1768780800000,0.045174,0.045174,0.042676,0.044509,178700.91693461,1768823999999
1768824000000,0.043996,0.047081,0.043996,0.046205,102245.68207296,1768867199999
1768867200000,0.046752,0.048123,0.044629,0.044629,39807.6810827,1768910399999
1768910400000,0.0445,0.0445,0.043677,0.043962,18806.64490959,1768953599999
1768953600000,0.043521,0.043697,0.042581,0.042726,51670.07683876,1768996799999
1768996800000,0.042449,0.043991,0.041943,0.043991,27465.41784972,1769039999999
1769040000000,0.04279,0.04279,0.041753,0.042,18203.017504,1769083199999
1769083200000,0.041724,0.042008,0.040904,0.041154,17882.40860923,1769126399999
1769126400000,0.041496,0.043561,0.041305,0.041772,27396.56932847,1769169599999
1769169600000,0.04188,0.042332,0.040691,0.041398,13569.99713428,1769212799999
1769212800000,0.041189,0.042217,0.041099,0.042026,11739.47535668,1769255999999
1769256000000,0.042193,0.042751,0.041304,0.041304,21790.90446009,1769299199999
1769299200000,0.041357,0.041357,0.040688,0.041164,9900.37503997,1769342399999
1769342400000,0.040664,0.040949,0.0382,0.0382,6636.95302191,1769385599999
1769385600000,0.039703,0.039703,0.039548,0.039548,1466.32895132,1769428799999
1769428800000,0.039891,0.041059,0.039696,0.040899,136687.9340689,1769471999999
1769472000000,0.040453,0.040453,0.038838,0.038902,8152.71796182,1769515199999
1769515200000,0.038514,0.039791,0.038193,0.039526,300263.04219249,1769558399999
1769558400000,0.039942,0.039942,0.038502,0.038958,70027.95226959,1769601599999
1769601600000,0.03876,0.038841,0.037797,0.03813,43125.92931476,1769644799999
1769644800000,0.037649,0.037649,0.035786,0.036272,119532.93348522,1769687999999
1769688000000,0.036104,0.036648,0.034666,0.035906,197821.56324515,1769731199999
1769731200000,0.036038,0.036278,0.034205,0.036169,524703.05360838,1769774399999
1769774400000,0.036203,0.03628,0.034905,0.035588,486187.20904752,1769817599999
1769817600000,0.036079,0.036307,0.034514,0.035039,17004.31002449,1769860799999
1769860800000,0.034647,0.034682,0.030788,0.032645,759888.85678267,1769903999999
1769904000000,0.033153,0.033518,0.032663,0.033518,262641.80236132,1769947199999
1769947200000,0.033132,0.033313,0.031951,0.033313,420903.54444419,1769990399999
1769990400000,0.03305,0.033082,0.031357,0.032343,295664.30029957,1770033599999
1770033600000,0.03308,0.034117,0.033071,0.033255,98173.17209192,1770076799999
1770076800000,0.032833,0.032833,0.031896,0.03212,50467.77302643,1770119999999
1770120000000,0.032035,0.032538,0.029962,0.031715,161894.68990781,1770163199999
1770163200000,0.031398,0.031445,0.031398,0.031445,1115.70838947,1770206399999
1770206400000,0.029618,0.030262,0.02879,0.030262,77397.18357412,1770249599999
1770249600000,0.030011,0.030475,0.029092,0.029908,128099.11637805,1770292799999
1770292800000,0.029732,0.029732,0.02623,0.026572,359979.73654188,1770335999999
1770336000000,0.025767,0.027805,0.024218,0.027406,1033680.39841771,1770379199999
1770379200000,0.027118,0.0299,0.027047,0.029511,162291.52888644,1770422399999
1770422400000,0.028952,0.029358,0.028443,0.028443,13441.04064966,1770465599999
1770465600000,0.028743,0.029511,0.028743,0.02931,47816.34182218,1770508799999
1770508800000,0.028939,0.028939,0.028275,0.028295,111874.44960782,1770551999999
1770552000000,0.028136,0.028148,0.027912,0.027912,47096.37962147,1770595199999
1770595200000,0.028103,0.028103,0.026326,0.026701,41017.39962352,1770638399999
1770638400000,0.026621,0.027679,0.026621,0.027269,133422.72963391,1770681599999
1770681600000,0.027213,0.027213,0.026631,0.026669,113568.85447627,1770724799999
1770724800000,0.026518,0.026733,0.026076,0.026226,22147.60024297,1770767999999
1770768000000,0.026034,0.026446,0.025097,0.025275,167921.27335891,1770811199999
1770811200000,0.025212,0.028826,0.025212,0.027189,2917400.79386224,1770854399999
1770854400000,0.027182,0.028296,0.027182,0.028152,88344.34078793,1770897599999
1770897600000,0.028091,0.02985,0.027766,0.028122,378156.93588774,1770940799999
1770940800000,0.027974,0.027974,0.02736,0.02786,82913.77249283,1770983999999
1770984000000,0.027723,0.030006,0.027662,0.028565,347591.83614014,1771027199999
1771027200000,0.02853,0.029003,0.02828,0.029003,93162.93427365,1771070399999
1771070400000,0.028842,0.029874,0.028842,0.02944,261113.25514313,1771113599999
1771113600000,0.0295,0.0295,0.02843,0.028611,27171.95045608,1771156799999
1771156800000,0.028483,0.028502,0.027635,0.027955,83005.74124405,1771199999999
1771200000000,0.027988,0.029524,0.027871,0.028193,710565.55107602,1771243199999
1771243200000,0.02814,0.028607,0.027671,0.028607,50340.59302128,1771286399999
1771286400000,0.028666,0.028895,0.028118,0.028118,5694.71444268,1771329599999
1771329600000,0.028212,0.028473,0.027808,0.028254,3923.67361595,1771372799999
1771372800000,0.027979,0.028032,0.027756,0.027756,2321.50398986,1771415999999
1771416000000,0.027534,0.028127,0.026891,0.026917,234532.11624241,1771459199999
1771459200000,0.027451,0.027545,0.02709,0.027091,124858.00245678,1771502399999
1771502400000,0.027129,0.027129,0.026336,0.026845,62190.66655148,1771545599999
1771545600000,0.027003,0.027768,0.026787,0.027326,463008.18019951,1771588799999
1771588800000,0.027257,0.02808,0.026536,0.027178,650576.48393722,1771631999999
1771632000000,0.027169,0.027855,0.027157,0.027729,261387.6883683,1771675199999
1771675200000,0.027747,0.027908,0.026835,0.026835,92286.34765549,1771718399999
1771718400000,0.026429,0.026615,0.026429,0.026615,4471.58186535,1771761599999
1771761600000,0.026451,0.026451,0.025847,0.025978,283692.65200877,1771804799999
1771804800000,0.02568,0.02568,0.024734,0.025347,1808366.39683615,1771847999999
1771848000000,0.025281,0.025351,0.024471,0.02456,647817.28547713,1771891199999
1771891200000,0.024794,0.024794,0.024404,0.024404,33448.11392243,1771934399999
1771934400000,0.024556,0.024949,0.024556,0.024907,1041.75591219,1771977599999
1771977600000,0.02496,0.025121,0.02475,0.024858,641084.7333299,1772020799999
1772020800000,0.024904,0.025834,0.024845,0.025136,235744.65186803,1772063999999
1772064000000,0.025333,0.025929,0.025069,0.025265,198901.33373504,1772107199999
1772107200000,0.025149,0.025375,0.024448,0.025375,278784.09006388,1772150399999
1772150400000,0.025266,0.026932,0.02516,0.025703,547384.88300675,1772193599999
1772193600000,0.025813,0.025813,0.024828,0.024993,169169.40218342,1772236799999
1772236800000,0.025048,0.025135,0.023428,0.023662,560653.40261342,1772279999999
1772280000000,0.024138,0.025018,0.024046,0.025018,85088.03784831,1772323199999
1772323200000,0.025014,0.02582,0.024893,0.025447,585960.19347469,1772366399999
1772366400000,0.024726,0.025601,0.024475,0.024905,313581.23919708,1772409599999
1772409600000,0.024966,0.024966,0.024215,0.024571,353354.96339459,1772452799999
1772452800000,0.024233,0.025667,0.02396,0.025197,259216.30208989,1772495999999
1772496000000,0.024951,0.025079,0.024333,0.024381,119218.94530856,1772539199999
1772539200000,0.024644,0.0248,0.02413,0.024433,36312.8601275,1772582399999
1772582400000,0.024107,0.024887,0.02372,0.024813,171603.74662393,1772625599999
1772625600000,0.024515,0.025308,0.024404,0.024866,276215.09233381,1772668799999
1772668800000,0.024781,0.024781,0.024299,0.024584,129681.36717933,1772711999999
1772712000000,0.024373,0.024436,0.023624,0.02378,188598.76832784,1772755199999
1772755200000,0.024102,0.024179,0.023591,0.023591,69999.43875293,1772798399999
1772798400000,0.023517,0.023606,0.0229,0.023015,188652.1358968,1772841599999
1772841600000,0.023066,0.023269,0.02301,0.02301,81391.03957801,1772884799999
1772884800000,0.022801,0.022801,0.022058,0.02215,43151.81986301,1772927999999
1772928000000,0.022142,0.023763,0.022142,0.023763,217159.67981385,1772971199999
1772971200000,0.023879,0.026233,0.022962,0.024575,4044506.47050403,1773014399999
1773014400000,0.024799,0.026675,0.024515,0.024984,1956687.16379355,1773057599999
1773057600000,0.025149,0.028261,0.025036,0.025036,1509283.29021162,1773100799999
1773100800000,0.02512,0.025778,0.024948,0.025162,516321.06644467,1773143999999
1773144000000,0.025135,0.025582,0.024919,0.025031,366045.31062889,1773187199999
1773187200000,0.025088,0.025713,0.025088,0.025224,307668.35725673,1773230399999
1773230400000,0.025271,0.025791,0.024977,0.02513,1343338.85361292,1773273599999
1773273600000,0.025378,0.025378,0.024718,0.025242,32402.13898973,1773316799999
1773316800000,0.025619,0.028743,0.025221,0.027042,4191739.37337877,1773359999999
1773360000000,0.027046,0.028615,0.026929,0.027453,1537354.28304472,1773403199999
1773403200000,0.027778,0.031451,0.02757,0.028297,2377382.01312416,1773446399999
1773446400000,0.028414,0.028414,0.027221,0.027414,337699.45259416,1773489599999
1773489600000,0.027501,0.02833,0.027501,0.028143,558682.50207688,1773532799999
1773532800000,0.029048,0.029196,0.027919,0.027924,420628.31041137,1773575999999
1773576000000,0.02794,0.030962,0.027494,0.029016,1787034.04045531,1773619199999
1773619200000,0.02907,0.032145,0.02837,0.029398,2510770.11803779,1773662399999
1773662400000,0.03,0.030808,0.02904,0.030105,331193.99475265,1773705599999
1773705600000,0.030027,0.030912,0.028978,0.029735,1240852.10610114,1773748799999
1773748800000,0.029877,0.030098,0.028385,0.029439,1109837.70670435,1773791999999
1773792000000,0.02947,0.030224,0.029053,0.029356,1350339.3458058,1773835199999
1773835200000,0.029049,0.03068,0.02846,0.02846,1427678.65953398,1773878399999
1773878400000,0.028437,0.029169,0.027542,0.027984,2610388.89665083,1773921599999
1773921600000,0.027778,0.027778,0.026473,0.027489,236593.60148627,1773964799999
1773964800000,0.027678,0.028304,0.027656,0.028002,239620.66084774,1774007999999
1774008000000,0.028064,0.028447,0.027064,0.027437,283032.50502841,1774051199999
1774051200000,0.027493,0.028188,0.02695,0.027153,96585.15797932,1774094399999
1774094400000,0.02722,0.027636,0.026013,0.026024,134369.3979504,1774137599999
1774137600000,0.025814,0.026153,0.02542,0.025575,64139.80706797,1774180799999
1774180800000,0.025735,0.025849,0.024836,0.025315,492034.60101349,1774223999999
1774224000000,0.025416,0.026429,0.025259,0.025918,440002.44749462,1774267199999
1774267200000,0.025941,0.026475,0.025941,0.025968,32351.27456158,1774310399999
1774310400000,0.025863,0.026354,0.025375,0.025859,174798.10260856,1774353599999
1774353600000,0.025681,0.025714,0.024774,0.025366,250602.29874033,1774396799999
1774396800000,0.025778,0.026252,0.025621,0.025656,73938.62551485,1774439999999
1774440000000,0.025709,0.025748,0.024923,0.024938,42700.71084057,1774483199999
1774483200000,0.025026,0.025042,0.023384,0.023429,149843.70067073,1774526399999
1774526400000,0.023343,0.023658,0.023057,0.023519,319485.28588411,1774569599999
1774569600000,0.023628,0.023721,0.022746,0.023018,347287.46061315,1774612799999
1774612800000,0.022952,0.023148,0.022669,0.022669,309194.92784768,1774655999999
1774656000000,0.022578,0.022578,0.022076,0.022099,144160.55929256,1774699199999
1774699200000,0.022033,0.022342,0.021625,0.021777,63287.24896364,1774742399999
1774742400000,0.021726,0.021726,0.021171,0.021171,337255.2199488,1774785599999
1774785600000,0.021125,0.021527,0.020905,0.021177,15553.64557285,1774828799999
1774828800000,0.021446,0.022398,0.021446,0.022345,74623.90061188,1774871999999
1774872000000,0.022521,0.022575,0.021407,0.021444,117059.17610111,1774915199999
1774915200000,0.021464,0.022268,0.021459,0.021815,164814.62670413,1774958399999
1774958400000,0.021679,0.022506,0.021488,0.022183,727861.81162984,1775001599999
1775001600000,0.02211,0.022131,0.021144,0.021183,571794.10745427,1775044799999
1775044800000,0.021209,0.021588,0.020841,0.021266,253140.49225285,1775087999999
1775088000000,0.021281,0.021397,0.020073,0.020095,1083490.75476924,1775131199999
1775131200000,0.020001,0.022605,0.019758,0.022132,3198115.9359156,1775174399999
1775174400000,0.022452,0.024815,0.021824,0.022764,5865882.48401204,1775217599999
1775217600000,0.022862,0.042671,0.017667,0.030258,2.988677935344928E7,1775260799999
1775260800000,0.029387,0.039456,0.028264,0.033446,2.530998106811723E7,1775303999999
1775304000000,0.033142,0.034531,0.028789,0.029275,1.414345257179714E7,1775347199999
1775347200000,0.028997,0.03008,0.02651,0.027215,9832278.26142602,1775390399999
1775390400000,0.0275,0.028006,0.025497,0.026352,4457403.8730275,1775433599999
1775433600000,0.026476,0.026476,0.023713,0.024427,8484662.18654756,1775476799999
1775476800000,0.024362,0.025672,0.022812,0.023427,6872524.48559976,1775519999999
1775520000000,0.023462,0.024437,0.022534,0.023585,1.257665363272854E7,1775563199999
1775563200000,0.023656,0.024378,0.021913,0.023384,8950719.19998029,1775606399999
1775606400000,0.023463,0.031451,0.021635,0.023947,1.55806656600662E7,1775649599999
1775649600000,0.024199,0.025092,0.023886,0.023901,1035570.98371295,1775692799999
1775692800000,0.02361,0.02361,0.022505,0.022671,396176.49570053,1775735999999
1775736000000,0.022474,0.023193,0.022474,0.023193,34397.7511849,1775779199999
1775779200000,0.02277,0.02277,0.021692,0.021935,79906.732658,1775822399999
1775822400000,0.021801,0.022335,0.021543,0.021784,96338.39001228,1775865599999
1775865600000,0.021744,0.021933,0.021674,0.02188,33371.73729002,1775908799999
1775908800000,0.021622,0.021876,0.021368,0.021747,226393.10610767,1775951999999
1775952000000,0.021539,0.021633,0.020601,0.021176,288884.13185524,1775995199999
1775995200000,0.021116,0.021116,0.02067,0.021036,121844.59476381,1776038399999
1776038400000,0.021319,0.02137,0.020428,0.020742,47211.24694414,1776081599999
1776081600000,0.020644,0.021447,0.020488,0.02105,113981.92600079,1776124799999
1776124800000,0.021178,0.021286,0.02029,0.020534,124676.72748547,1776167999999
1776168000000,0.020426,0.021005,0.020425,0.020649,27180.57573624,1776211199999
1776211200000,0.021114,0.021742,0.021114,0.0216,47973.45640509,1776254399999
1776254400000,0.021446,0.021558,0.021227,0.021357,52925.51747234,1776297599999
1776297600000,0.02139,0.021439,0.021358,0.021439,14456.80025372,1776340799999
1776340800000,0.022,0.02252,0.021064,0.022016,185731.27213624,1776383999999
1776384000000,0.022087,0.022087,0.021851,0.021897,48630.63011764,1776427199999
1776427200000,0.02187,0.022817,0.02187,0.022086,175854.44526588,1776470399999
1776470400000,0.022283,0.023465,0.021911,0.021911,151672.99212763,1776513599999
1776513600000,0.022008,0.022407,0.021534,0.02164,40400.30283713,1776556799999
1776556800000,0.02139,0.02139,0.020943,0.021006,46387.39907111,1776599999999
1776600000000,0.021249,0.022161,0.020399,0.020638,26808.48591151,1776643199999
1776643200000,0.021018,0.021171,0.020352,0.020352,13431.54836221,1776686399999
1776686400000,0.020449,0.021495,0.020449,0.021054,133526.41236431,1776729599999
1776729600000,0.020992,0.021169,0.020992,0.021063,41209.97528893,1776772799999
1776772800000,0.021431,0.02187,0.021014,0.021042,49896.13281076,1776815999999
1776816000000,0.021111,0.021705,0.021097,0.02128,93129.95110406,1776859199999
1776859200000,0.021608,0.021608,0.0214,0.021495,3054.36590524,1776902399999
1776902400000,0.021103,0.021103,0.020748,0.020748,1528.16517898,1776945599999
1776945600000,0.020652,0.020892,0.0205,0.020892,7079.71670457,1776988799999
1776988800000,0.020472,0.020696,0.02024,0.020696,4442.3485964,1777031999999
1777032000000,0.0209,0.021429,0.020729,0.021177,72762.83774816,1777075199999
1777075200000,0.021011,0.021106,0.020848,0.020848,62393.5106334,1777118399999
1777118400000,0.020713,0.020842,0.020664,0.020813,1350.13621303,1777161599999
1777161600000,0.020736,0.021636,0.020543,0.020749,356675.89514786,1777204799999
1777204800000,0.02077,0.020834,0.02077,0.020806,17586.5563142,1777247999999
1777248000000,0.020427,0.020457,0.020248,0.020457,2157.59805256,1777291199999
1777291200000,0.020369,0.020499,0.02029,0.020499,4886.290155,1777334399999
1777334400000,0.020405,0.020409,0.020405,0.020409,9457.79458318,1777377599999
1777377600000,0.020408,0.020619,0.020408,0.02052,14510.27291142,1777420799999
1777420800000,0.0204,0.020648,0.020203,0.020648,2510.62447228,1777463999999
1777464000000,0.020374,0.020589,0.020101,0.020256,282653.59146355,1777507199999
1777507200000,0.020349,0.02046,0.020169,0.02028,49772.08424074,1777550399999
1777550400000,0.02031,0.020341,0.02031,0.020341,41590.84306572,1777593599999
1777593600000,0.020308,0.020308,0.020213,0.020277,235222.14034768,1777636799999
1777636800000,0.020222,0.020222,0.020171,0.020171,493.16110349,1777679999999
1777680000000,0.020233,0.020233,0.02,0.02,7988.59466763,1777723199999
1777723200000,0.020096,0.020096,0.020001,0.020001,997.5864662,1777766399999
1777766400000,0.019836,0.020474,0.019747,0.020234,239514.32288574,1777809599999
1777809600000,0.020095,0.020095,0.019208,0.019492,26424.29621943,1777852799999
1777852800000,0.019525,0.01967,0.019462,0.019462,769.79840778,1777895999999
1777896000000,0.019829,0.019995,0.019653,0.019995,44699.56663823,1777939199999
1777939200000,0.020053,0.020053,0.019622,0.019622,3952.60906835,1777982399999
1777982400000,0.02007,0.020115,0.01938,0.019917,8961.1681924,1778025599999
1778025600000,0.019809,0.020712,0.01968,0.020712,52112.90349788,1778068799999
1778068800000,0.020655,0.020655,0.019866,0.020128,5376.12635087,1778111999999
1778112000000,0.020073,0.0206,0.019779,0.020479,30055.70934028,1778155199999
1778155200000,0.020497,0.021509,0.02023,0.020586,41851.71341975,1778198399999
1778198400000,0.020628,0.021275,0.020628,0.020855,25326.60737868,1778241599999
1778241600000,0.020877,0.021616,0.020824,0.021616,37062.93870856,1778284799999
1778284800000,0.021495,0.023405,0.021495,0.022398,232912.05270673,1778327999999
1778328000000,0.022495,0.026501,0.021933,0.02273,4035764.4863449,1778371199999
1778371200000,0.022701,0.024488,0.022451,0.023171,843256.83900163,1778414399999
1778414400000,0.022902,0.024275,0.022572,0.023019,349353.16983213,1778457599999
1778457600000,0.022461,0.022653,0.022385,0.022468,29086.81305136,1778500799999
1778500800000,0.022208,0.023474,0.022208,0.023238,321355.46139986,1778543999999
1778544000000,0.023094,0.025011,0.023018,0.024091,291374.17602717,1778587199999
1778587200000,0.024898,0.026323,0.023179,0.023208,1723311.11147041,1778630399999
1778630400000,0.023349,0.025753,0.023349,0.025196,764142.01720939,1778673599999
1778673600000,0.025252,0.027002,0.024149,0.024458,1368026.62095746,1778716799999
1778716800000,0.024935,0.028949,0.024274,0.02442,1657656.27600483,1778759999999
1778760000000,0.024644,0.025227,0.024608,0.024758,45293.02184488,1778803199999
1778803200000,0.025002,0.025676,0.023442,0.023442,105760.43738111,1778846399999
1778846400000,0.023339,0.023533,0.021936,0.023128,65330.27308515,1778889599999
1778889600000,0.023866,0.0282,0.021187,0.021473,273552.73840515,1778932799999
1778932800000,0.021965,0.024394,0.021944,0.02341,429776.64802345,1778975999999
1778976000000,0.022675,0.025351,0.022489,0.0232,286099.57110968,1779019199999
1779019200000,0.023102,0.023304,0.021761,0.021761,348242.73210859,1779062399999
1779062400000,0.022225,0.022282,0.021698,0.021878,85123.48544129,1779105599999
1779105600000,0.022076,0.022296,0.021831,0.022296,12663.23164462,1779148799999
1779148800000,0.022331,0.022413,0.022331,0.022413,738.30782882,1779191999999
1779192000000,0.021735,0.021735,0.021228,0.021228,46697.11145295,1779235199999
1779235200000,0.021021,0.021263,0.021021,0.021263,3030.08740687,1779278399999
1779278400000,0.021147,0.021308,0.021137,0.021307,3024.61120433,1779321599999
1779321600000,0.021308,0.021308,0.021308,0.021308,469.30730242,1779364799999
1779364800000,0.021158,0.021181,0.02108,0.021181,778.16156808,1779407999999
1779408000000,0.021302,0.021302,0.021302,0.021302,233.78086564,1779451199999
1779451200000,0.021532,0.021725,0.020261,0.020485,56659.66295507,1779494399999
1779494400000,0.019767,0.021063,0.019699,0.020372,11631.8762107,1779537599999
1779537600000,0.020378,0.020796,0.020372,0.02067,6134.15017631,1779580799999
1779624000000,0.020703,0.020897,0.020636,0.020897,60664.76795834,1779667199999
1779667200000,0.020842,0.02113,0.020842,0.02113,2102.46666416,1779710399999
1779710400000,0.021351,0.02176,0.021129,0.021133,312178.81171529,1779753599999
1779753600000,0.021559,0.021564,0.021134,0.021254,17931.68420605,1779796799999
1779796800000,0.020917,0.020917,0.020079,0.020225,3627.25684167,1779839999999
1779840000000,0.02017,0.02017,0.019983,0.020035,3375.054005,1779883199999
1779883200000,0.020459,0.020769,0.02015,0.020178,25321.65886061,1779926399999
1779926400000,0.019574,0.019723,0.019154,0.019303,86535.37863592,1779969599999
1779969600000,0.019227,0.019437,0.019086,0.019387,17974.1405096,1780012799999
1780012800000,0.019473,0.019473,0.018917,0.018917,8268.02790874,1780055999999
1780056000000,0.018923,0.019029,0.018601,0.018842,19444.34737772,1780099199999
1780099200000,0.018757,0.01888,0.018667,0.018877,5467.78471275,1780142399999
1780142400000,0.018885,0.018885,0.018726,0.018726,2391.52133224,1780185599999
1780185600000,0.018664,0.018751,0.018479,0.018685,346544.22897656,1780228799999
1780228800000,0.018679,0.018679,0.018245,0.018394,16760.89539093,1780271999999
1780272000000,0.018093,0.018093,0.017024,0.017132,402410.83533851,1780315199999
1780315200000,0.017102,0.017734,0.016863,0.017293,177279.49581345,1780358399999
1780358400000,0.017133,0.01721,0.017065,0.01721,60495.48877003,1780401599999
1780401600000,0.017191,0.017191,0.016195,0.016195,344418.68325952,1780444799999
1780444800000,0.016159,0.016478,0.015772,0.016478,7376.76856455,1780487999999
1780488000000,0.016675,0.016782,0.016048,0.016136,106398.27045058,1780531199999
1780531200000,0.015967,0.015967,0.014872,0.014872,19385.60852071,1780574399999
1780574400000,0.014972,0.016034,0.014972,0.015589,68167.70350621,1780617599999
1780617600000,0.01553,0.01553,0.014283,0.014308,151381.34528387,1780660799999
1780660800000,0.014247,0.014419,0.013253,0.013759,80921.40174199,1780703999999
1780704000000,0.013017,0.01336,0.012674,0.012947,241313.06540779,1780747199999
1780747200000,0.013156,0.01322,0.012621,0.012818,260205.88127264,1780790399999
1780790400000,0.012819,0.013306,0.012763,0.013201,255034.70035433,1780833599999
1780833600000,0.013002,0.013047,0.012641,0.012924,205562.42391213,1780876799999
1780876800000,0.012925,0.012925,0.012486,0.01261,33225.57311561,1780919999999
1780920000000,0.012721,0.012912,0.012585,0.01268,27205.89227929,1780963199999
1780963200000,0.012491,0.012491,0.011648,0.011699,122382.77070495,1781006399999
1781006400000,0.011658,0.01266,0.011493,0.012528,122490.15776493,1781049599999
1781049600000,0.012379,0.015443,0.012195,0.012854,1601331.55232165,1781092799999
1781092800000,0.012804,0.01559,0.011243,0.012519,1394342.44377534,1781135999999
1781136000000,0.012547,0.012732,0.012147,0.012272,142407.85953001,1781179199999
1781179200000,0.012183,0.012992,0.012183,0.01273,141804.42907194,1781222399999
1781222400000,0.012744,0.012744,0.012388,0.012431,51213.78395534,1781265599999
1781265600000,0.01239,0.012613,0.012122,0.012122,71958.76034845,1781308799999
1781308800000,0.012182,0.012239,0.01216,0.012228,14825.71158841,1781351999999
1781352000000,0.012204,0.01414,0.012143,0.013131,284708.45136244,1781395199999
1781395200000,0.01336,0.01336,0.012698,0.012836,79414.50919586,1781438399999
1781438400000,0.012801,0.02,0.012801,0.015454,1.529510021844195E7,1781481599999
1781481600000,0.0154,0.023283,0.015373,0.018241,1.194728181020771E7,1781524799999
1781524800000,0.018075,0.0189,0.015548,0.016023,6115968.05278477,1781567999999
1781568000000,0.015722,0.0219,0.015583,0.017843,6399051.54404002,1781611199999
1781611200000,0.018084,0.019702,0.017077,0.01843,2824830.20939443,1781654399999
1781654400000,0.018642,0.021399,0.016718,0.01743,2097431.81496643,1781697599999
1781697600000,0.017365,0.017765,0.016629,0.017342,324481.52862598,1781740799999
1781740800000,0.017444,0.017734,0.015719,0.016043,679841.64813464,1781783999999
1781784000000,0.016043,0.016519,0.015427,0.015744,271680.89687525,1781827199999
1781827200000,0.015573,0.015688,0.014873,0.015083,422006.14578518,1781870399999
1781870400000,0.015088,0.015302,0.014734,0.014806,93962.37597947,1781913599999
1781913600000,0.014861,0.015259,0.014519,0.014519,102503.70119301,1781956799999
1781956800000,0.014508,0.014578,0.014297,0.014336,243259.24960807,1781999999999
1782000000000,0.014454,0.014487,0.014113,0.014204,163083.76626089,1782043199999
1782043200000,0.013927,0.014229,0.013863,0.014021,35418.10829889,1782086399999
1782086400000,0.01432,0.014636,0.014007,0.014253,47157.48272958,1782129599999
1782129600000,0.014217,0.015486,0.014047,0.014433,195208.33610952,1782172799999
1782172800000,0.014029,0.014029,0.013364,0.013364,34253.34907789,1782215999999
1782216000000,0.013509,0.013573,0.013408,0.013502,9676.06092747,1782259199999
1782259200000,0.013419,0.01393,0.013163,0.013925,84060.34140376,1782302399999
1782302400000,0.013578,0.014227,0.012774,0.012878,573579.59482493,1782345599999
1782345600000,0.012887,0.01332,0.012739,0.012987,240822.78886366,1782388799999
1782388800000,0.012943,0.013333,0.012492,0.012817,196564.17449122,1782431999999
1782432000000,0.01256,0.012782,0.012244,0.012244,29576.23030612,1782475199999
1782475200000,0.012095,0.012349,0.01189,0.012177,77555.66213327,1782518399999
1782518400000,0.012159,0.012377,0.012072,0.012292,92069.75719121,1782561599999
1782561600000,0.012209,0.012404,0.011824,0.011824,193592.09703723,1782604799999
1782604800000,0.011715,0.011839,0.011537,0.011767,37895.25642018,1782647999999
1782648000000,0.011886,0.012079,0.011763,0.011877,49410.03261975,1782691199999
1782691200000,0.011901,0.012168,0.011666,0.012168,56854.82837852,1782734399999
1782734400000,0.012156,0.01272,0.011953,0.012619,419469.91121462,1782777599999
1782777600000,0.012593,0.012691,0.012192,0.012192,31856.70607811,1782820799999
1782820800000,0.012169,0.012237,0.011974,0.012155,18539.73512469,1782863999999
1782864000000,0.011976,0.012223,0.011781,0.011781,97329.70092471,1782907199999
1782907200000,0.011674,0.012016,0.011629,0.011752,40663.57772091,1782950399999
1782950400000,0.011869,0.012268,0.011749,0.012143,195798.09757823,1782993599999
1782993600000,0.012209,0.012255,0.012118,0.012151,140342.03729866,1783036799999
1783036800000,0.012188,0.012585,0.012186,0.012537,89583.52293057,1783079999999
1783080000000,0.012543,0.012595,0.012409,0.012504,95900.90600106,1783123199999
1783123200000,0.012748,0.012753,0.012486,0.012486,34252.68740157,1783166399999
1783166400000,0.012686,0.01274,0.012612,0.012612,12622.8529767,1783209599999
1783209600000,0.012488,0.012708,0.01239,0.012708,67776.38881117,1783252799999
1783252800000,0.012506,0.01327,0.01238,0.012965,236430.68668492,1783295999999
1783296000000,0.012855,0.012855,0.012418,0.012482,106818.40800603,1783339199999
1783339200000,0.012354,0.013175,0.012289,0.01293,158023.31377287,1783382399999
1783382400000,0.012806,0.012806,0.01252,0.012676,26470.62486197,1783425599999
1783425600000,0.012571,0.012761,0.012532,0.012555,111772.06635082,1783468799999
1783468800000,0.012595,0.012647,0.011724,0.011732,111015.82358223,1783511999999
1783512000000,0.012,0.012,0.011889,0.011889,2537.21669694,1783555199999
1783555200000,0.012102,0.012146,0.01197,0.01197,48222.91408077,1783598399999
1783598400000,0.012373,0.01262,0.012332,0.012557,313840.57779857,1783641599999
1783641600000,0.012501,0.0143,0.012501,0.012934,523831.90286633,1783684799999
1783684800000,0.012821,0.013657,0.012821,0.013272,200861.92632871,1783727999999
1783728000000,0.012998,0.013091,0.012753,0.012806,63785.80994724,1783771199999
1783771200000,0.012722,0.012722,0.012651,0.012651,10409.57207598,1783814399999
1783814400000,0.012502,0.012502,0.012322,0.01233,18535.97683351,1783857599999
1783857600000,0.012403,0.012609,0.01212,0.012149,56300.66627927,1783900799999
1783900800000,0.012176,0.012187,0.011811,0.011811,79455.38312225,1783943999999
1783944000000,0.011812,0.011957,0.01176,0.01176,49472.17197724,1783987199999
1783987200000,0.011796,0.011796,0.011551,0.011605,18024.98693258,1784030399999
1784030400000,0.011544,0.01212,0.011544,0.011995,49995.90094769,1784073599999
1784073600000,0.011941,0.012075,0.011889,0.011904,69934.08168581,1784116799999
1784116800000,0.012058,0.0121,0.011757,0.011757,47035.84148327,1784159999999
1784160000000,0.011689,0.011702,0.011538,0.011538,21365.62658636,1784203199999
1784203200000,0.011513,0.011624,0.011513,0.011546,9056.34736071,1784246399999
1784246400000,0.011455,0.011455,0.011295,0.011295,13946.84441759,1784289599999
1784289600000,0.011168,0.01123,0.010988,0.011149,196925.87319132,1784332799999
1784332800000,0.011105,0.011105,0.011005,0.011005,5948.0143259,1784375999999
1784376000000,0.011038,0.011038,0.010964,0.01103,10797.41820848,1784419199999
1784419200000,0.010982,0.011054,0.010966,0.010966,12929.94492067,1784462399999
1784462400000,0.011062,0.011129,0.011057,0.011129,11729.68681273,1784505599999
1784505600000,0.011133,0.011142,0.0108,0.010871,77118.92144898,1784548799999
1784548800000,0.010887,0.010992,0.010844,0.010992,97734.04617912,1784591999999
1784592000000,0.011374,0.012776,0.011341,0.011538,1758579.47785438,1784635199999
1784635200000,0.011661,0.01225,0.011419,0.012002,440988.02979226,1784678399999
1784678400000,0.012076,0.012795,0.012075,0.012129,1269641.3366304,1784721599999
1784721600000,0.012193,0.012787,0.011982,0.012443,1117502.23814069,1784764799999
1784764800000,0.012048,0.01214,0.011791,0.011988,292899.08900737,1784807999999
1784808000000,0.011932,0.011932,0.011122,0.011174,1206103.95320567,1784851199999
1784851200000,0.011278,0.011407,0.011102,0.01121,18445.51103799,1784894399999
1784894400000,0.011211,0.011305,0.011054,0.011247,8084.32378376,1784937599999
1784937600000,0.01132,0.01132,0.011144,0.011144,49823.70555435,1784980799999
1784980800000,0.01127,0.011684,0.01127,0.011556,94681.7814543,1785023999999
1785024000000,0.011556,0.012411,0.011556,0.011893,593050.12952871,1785067199999
1785067200000,0.01208,0.012179,0.011831,0.012058,647197.32807222,1785110399999
1785110400000,0.011831,0.011831,0.011798,0.011822,30377.99814,1785153599999
1785153600000,0.01156,0.011755,0.01062,0.010709,80204.16118626,1785196799999
1785196800000,0.010615,0.011165,0.01011,0.010772,1004050.8894545,1785239999999
1785240000000,0.010761,0.011393,0.01049,0.010919,199756.72471429,1785283199999
1785283200000,0.01093,0.010951,0.010389,0.010506,192645.57104642,1785326399999
1785326400000,0.01049,0.011255,0.010329,0.010668,240213.84637703,1785369599999
1785369600000,0.010692,0.011189,0.010562,0.011062,245970.38591021,1785412799999
1785412800000,0.011029,0.011081,0.010678,0.010728,34369.91449522,1785455999999
1785456000000,0.010792,0.01093,0.010763,0.010923,96461.76768188,1785499199999
1785499200000,0.010963,0.010963,0.010522,0.010542,106786.41995055,1785542399999
1785542400000,0.010602,0.010682,0.010472,0.010527,49110.31272565,1785585599999
1785585600000,0.010526,0.010538,0.010468,0.010468,4275.46996046,1785628799999
1785628800000,0.010574,0.010584,0.010535,0.010538,10421.36379392,1785671999999
1785672000000,0.010551,0.01059,0.010508,0.010508,61438.12165272,1785715199999
1785715200000,0.010539,0.010539,0.010299,0.010356,150043.9965039,1785758399999
1785758400000,0.010606,0.010606,0.010478,0.010546,14793.98110503,1785801599999
1785801600000,0.010568,0.010864,0.01041,0.010469,323352.61228794,1785844799999
1785844800000,0.010463,0.010584,0.010386,0.010584,340717.91179246,1785887999999
1785888000000,0.010772,0.010995,0.010673,0.01098,342356.86354969,1785931199999
1785931200000,0.010936,0.010955,0.010817,0.010933,198739.44643033,1785974399999
1785974400000,0.010847,0.011107,0.010847,0.011079,37300.96955935,1786017599999
1786017600000,0.011239,0.011445,0.010865,0.01093,46998.13144762,1786060799999
1786060800000,0.010862,0.010932,0.010806,0.010911,196879.59308324,1786103999999
1786104000000,0.010699,0.010777,0.010673,0.010714,200231.60337314,1786147199999
1786147200000,0.010705,0.010705,0.010616,0.010653,20570.88947354,1786190399999
1786190400000,0.010659,0.011235,0.010659,0.011015,117126.54221189,1786233599999
1786233600000,0.010998,0.011363,0.010983,0.011317,39863.15153778,1786276799999
1786276800000,0.011221,0.011584,0.011106,0.011106,28796.61672519,1786319999999
1786320000000,0.011147,0.011365,0.01109,0.011156,120406.69044245,1786363199999
1786363200000,0.011561,0.01159,0.010913,0.010913,128645.29024019,1786406399999
1786406400000,0.010971,0.011032,0.010857,0.010863,27834.74713712,1786449599999
1786449600000,0.010941,0.011093,0.0108,0.011076,69827.48716075,1786492799999
1786492800000,0.011061,0.011071,0.010781,0.010859,132272.69982537,1786535999999
1786536000000,0.010869,0.010908,0.010579,0.010579,120118.51097453,1786579199999
1786579200000,0.010591,0.010934,0.010591,0.010804,17253.79103439,1786622399999
1786622400000,0.010935,0.011478,0.010739,0.011246,363611.62499932,1786665599999
1786665600000,0.011266,0.012311,0.010858,0.010858,886563.38650569,1786708799999
1786708800000,0.010858,0.010909,0.010583,0.010728,313542.73408897,1786751999999
1786752000000,0.010733,0.010979,0.010494,0.010876,511358.90877946,1786795199999
1786795200000,0.010882,0.011103,0.010475,0.01052,238868.88867896,1786838399999
1786838400000,0.010544,0.010689,0.010343,0.010689,265155.26586977,1786881599999
1786881600000,0.01059,0.010606,0.01028,0.01028,57353.50419503,1786924799999
1786924800000,0.010342,0.010505,0.010272,0.010326,43025.83471843,1786967999999
1786968000000,0.010314,0.010389,0.010302,0.010314,43155.13306395,1787011199999
1787011200000,0.010257,0.010257,0.009995,0.010195,42039.63955056,1787054399999
1787054400000,0.010216,0.010216,0.010109,0.01013,146517.03988822,1787097599999
1787097600000,0.010118,0.010261,0.010118,0.010261,39579.19585069,1787140799999
1787140800000,0.010246,0.010977,0.010233,0.010784,229166.75709985,1787183999999
1787184000000,0.010785,0.010785,0.010674,0.010725,46640.73396409,1787227199999
1787227200000,0.011097,0.011626,0.010991,0.011626,271536.17443812,1787270399999
1787270400000,0.011496,0.012167,0.011464,0.011948,122030.78583574,1787313599999
1787313600000,0.012138,0.013904,0.011748,0.012382,1163033.40491875,1787356799999
1787356800000,0.012218,0.012914,0.011682,0.011859,92094.41721956,1787399999999
1787400000000,0.012265,0.012415,0.012034,0.012034,30711.86536573,1787443199999
1787443200000,0.012414,0.012414,0.011645,0.01226,60623.43059853,1787486399999
